2.000000000000000164e-05 9.155979750768975123e+01
2.053292293934867079e-05 9.390654713323777969e+01
2.108004622166153997e-05 9.631346413894310388e+01
2.164174823136422499e-05 9.878207705449341347e+01
2.221841743536934489e-05 1.013139357296502538e+02
2.281045265173598253e-05 1.039107089583705772e+02
2.341826332548782379e-05 1.065740269980443458e+02
2.404226981178082551e-05 1.093055948504575952e+02
2.468290366661622239e-05 1.121071803314562914e+02
2.534060794529988060e-05 1.149805727152216832e+02
2.601583750885445392e-05 1.179275954591678470e+02
2.670905933859625645e-05 1.209501604673613997e+02
2.742075285909439367e-05 1.240501623143147327e+02
2.815141026973549081e-05 1.272296159864082199e+02
2.890153688512337463e-05 1.304905935495815754e+02
2.967165148454906857e-05 1.338350986312215127e+02
3.046228667077283101e-05 1.372653266507285537e+02
3.127398923836632909e-05 1.407835233329753919e+02
3.210732055186977298e-05 1.443918093670257861e+02
3.296285693402538792e-05 1.480925764005521046e+02
3.384119006435591312e-05 1.518882108824802231e+02
3.474292738836358603e-05 1.557810910277088965e+02
3.566869253763278855e-05 1.597737456997400045e+02
3.661912576112674869e-05 1.638687332915829415e+02
3.759488436797665649e-05 1.680686198836631036e+02
3.859664318206942711e-05 1.723761629299067124e+02
3.962509500874844169e-05 1.767940529756150454e+02
4.068095111395005992e-05 1.813252092189809730e+02
4.176494171610734517e-05 1.859724032309173651e+02
4.287781649116103482e-05 1.907387775386050919e+02
4.402034509102715370e-05 1.956272205166602021e+02
4.519331767587979581e-05 2.006409163652476479e+02
4.639754546061719499e-05 2.057830951307919634e+02
4.763386127588897632e-05 2.110570164138725318e+02
4.890312014407265133e-05 2.164660820583067675e+02
5.020619987059766586e-05 2.220137347318325851e+02
5.154400165102594121e-05 2.277035414338164117e+02
5.291745069430881334e-05 2.335390756089651063e+02
5.432749686265127281e-05 2.395241811402788699e+02
5.577511532842625955e-05 2.456625890121690645e+02
5.726130724859304942e-05 2.519582750787479597e+02
5.878710045708642726e-05 2.584152080885567671e+02
6.035355017565522014e-05 2.650375831400515949e+02
6.196173974364208644e-05 2.718296027197745275e+02
6.361278136720904016e-05 2.787955474557414277e+02
6.530781688852690481e-05 2.859399794836105002e+02
6.704801857546083006e-05 2.932674763959636834e+02
6.883458993229776704e-05 3.007825053148873167e+02
7.066876653207678036e-05 3.084901484711393209e+02
7.255181687109773191e-05 3.163951324247937009e+02
7.448504324619932169e-05 3.245026056928415983e+02
7.646978265541317797e-05 3.328176547411179058e+02
7.850740772261702001e-05 3.413455654303485289e+02
8.059932764682609834e-05 3.500919669832588852e+02
8.274698917677972222e-05 3.590622821329001226e+02
8.495187761149680086e-05 3.682622482303816582e+02
8.721551782749217352e-05 3.776977985675855507e+02
8.953947533336434176e-05 3.873749144881513189e+02
9.192535735248404149e-05 3.972996285446413367e+02
9.437481393453217441e-05 4.074785526763884036e+02
9.688953909665589314e-05 4.179179492997192824e+02
9.947127199503227467e-05 4.286244983047477035e+02
1.021217981276494540e-04 4.396051434139542380e+02
1.048429505691373569e-04 4.508666393291725853e+02
1.076366112385019626e-04 4.624164184712371934e+02
1.105047122006395661e-04 4.742616466182358863e+02
1.134492370025317535e-04 4.864098847105673826e+02
1.164722220450443985e-04 4.988689086294726280e+02
1.195757579912801953e-04 5.116465546004701537e+02
1.227619912124580995e-04 5.247510015478106880e+02
1.260331252723200283e-04 5.381904531153631979e+02
1.293914224510912207e-04 5.519736527593117899e+02
1.328392053100482524e-04 5.661091568730820427e+02
1.363788582977768600e-04 5.806059656357678023e+02
1.400128293992301907e-04 5.954733845163822252e+02
1.437436318287282487e-04 6.107205330787660387e+02
1.475738457680691779e-04 6.263574008286102526e+02
1.515061201509545433e-04 6.423935546110443511e+02
1.555431744949624634e-04 6.588393638352382595e+02
1.596878007823364007e-04 6.757051049998985945e+02
1.639428653908887607e-04 6.930014577025784774e+02
1.683113110763565499e-04 7.107392651949949141e+02
1.727961590075785244e-04 7.289296434126788427e+02
1.774005108559025044e-04 7.475842934813013017e+02
1.821275509402666066e-04 7.667146577445880666e+02
1.869805484294396949e-04 7.863329384611276964e+02
1.919628596029418087e-04 8.064511954407869325e+02
1.970779301722105610e-04 8.270824803180140634e+02
2.023292976636168795e-04 8.482391411160884900e+02
2.077205938649791619e-04 8.699347112204038694e+02
2.132555473372679876e-04 8.921829586240578465e+02
2.189379859932372467e-04 9.149972408672545043e+02
2.247718397447669614e-04 9.383921702530954008e+02
2.307611432207463606e-04 9.623822383156779097e+02
2.369100385573793828e-04 9.869821229895586612e+02
2.432227782628395597e-04 1.012207150975188597e+03
2.497037281582587236e-04 1.038073016663639464e+03
2.563573703970796784e-04 1.064595827265853359e+03
2.631883065648651021e-04 1.091791707552385560e+03
2.702012608617023262e-04 1.119677261903774024e+03
2.774010833694091774e-04 1.148270094777463783e+03
2.847927534057956159e-04 1.177587184923271479e+03
2.923813829683065673e-04 1.207646717117196204e+03
3.001722202694214348e-04 1.238467421085454134e+03
3.081706533662612935e-04 1.270067349030075320e+03
3.163822138869085989e-04 1.302466087462387577e+03
3.248125808560211659e-04 1.335683113747722928e+03
3.334675846223820236e-04 1.369738743468455596e+03
3.423532108911049739e-04 1.404653400708431036e+03
3.514756048632821468e-04 1.440447405477023040e+03
3.608410754859366033e-04 1.477143052451920312e+03
3.704560998152216992e-04 1.514761866500844690e+03
3.803273274958802607e-04 1.553326419968514983e+03
3.904615853600666665e-04 1.592859423332246251e+03
4.008658821487080630e-04 1.633383868572840811e+03
4.115474133586723864e-04 1.674924410445867807e+03
4.225135662190946263e-04 1.717504533772699688e+03
4.337719248003030735e-04 1.761149709995580906e+03
4.453302752588783739e-04 1.805884841265388559e+03
4.571966112224741009e-04 1.851736620436178555e+03
4.693791393181205910e-04 1.898730202252690106e+03
4.818862848478387305e-04 1.946893867079856363e+03
4.947266976154846051e-04 1.996253983564075497e+03
5.079092579088599234e-04 2.046839253812293464e+03
5.214430826412194036e-04 2.098677538744199410e+03
5.353375316564289383e-04 2.151799074610868502e+03
5.496022142021289624e-04 2.206232555969575060e+03
5.642469955753859302e-04 2.262009350400312087e+03
5.792820039454202449e-04 2.319158794879060679e+03
5.947176373581391715e-04 2.377713510486504674e+03
6.105645709273090820e-04 2.437704264653519203e+03
6.268337642173459068e-04 2.499164441153380267e+03
6.435364688228309253e-04 2.562127455037140862e+03
6.606842361499870760e-04 2.626625727923244085e+03
6.782889254055063290e-04 2.692694311783015110e+03
6.963627117982437850e-04 2.760367724582361461e+03
7.149180949594603676e-04 2.829682228988402585e+03
7.339679075874276041e-04 2.900671953600963661e+03
7.535253243223819994e-04 2.973375470891191981e+03
7.736038708579588653e-04 3.047827597669548140e+03
7.942174332954156629e-04 3.124067319347860121e+03
8.153802677471027986e-04 3.202132789224867793e+03
8.371070101958375757e-04 3.282061888218929653e+03
8.594126866169843424e-04 3.363894859680089212e+03
8.823127233702576875e-04 3.447669984106790707e+03
9.058229578684176423e-04 3.533429235240030721e+03
9.299596495302549443e-04 3.621211135748061679e+03
9.547394910254208659e-04 3.711057949918686518e+03
9.801796198188970216e-04 3.803011173609527305e+03
1.006297630023074039e-03 3.897112879114899897e+03
1.033111584565648677e-03 3.993403985157578518e+03
1.060640027681743246e-03 4.091928070053364991e+03
1.088901997738893216e-03 4.192728216798279391e+03
1.117917040403775984e-03 4.295846861071659987e+03
1.147705222159773383e-03 4.401326307409744913e+03
1.178287144184732814e-03 4.509212463972326987e+03
1.209683956598517005e-03 4.619548010801600867e+03
1.241917373090187801e-03 4.732376426936193639e+03
1.275009685934958047e-03 4.847741137853459804e+03
1.308983781411281059e-03 4.965686653290875256e+03
1.343863155628752986e-03 5.086255913464871810e+03
1.379671930777755934e-03 5.209493838225160289e+03
1.416434871812103247e-03 5.335441455858938752e+03
1.454177403576205081e-03 5.464145342117942164e+03
1.492925628388617598e-03 5.595646091952862662e+03
1.532706344094109108e-03 5.729985874505390711e+03
1.573547062596758733e-03 5.867208541451580459e+03
1.615476028886883792e-03 6.007355257755081766e+03
1.658522240574970049e-03 6.150466215922846459e+03
1.702715467946087956e-03 6.296579728205227184e+03
1.748086274548701956e-03 6.445738886821080996e+03
1.794666038332078930e-03 6.597979551231906953e+03
1.842486973346937071e-03 6.753338146648022303e+03
1.891582152024321676e-03 6.911853838655708387e+03
1.941985528048134537e-03 7.073558360552308841e+03
1.993731959837134141e-03 7.238487513864860375e+03
2.046857234652624171e-03 7.406673181974072577e+03
2.101398093348532878e-03 7.578141659492337567e+03
2.157392255780980761e-03 7.752924261540472799e+03
2.214878446894923830e-03 7.931048515727549784e+03
2.273896423505887120e-03 8.112534524439675806e+03
2.334487001795346964e-03 8.297409964998571013e+03
2.396692085538746839e-03 8.485688436615524552e+03
2.460554695085697980e-03 8.677391148248825630e+03
2.526118997112360067e-03 8.872531479801356909e+03
2.593430335166642137e-03 9.071120822108987340e+03
2.662535261027290656e-03 9.273165200400888352e+03
2.733481566898598222e-03 9.478671996287137517e+03
2.806318318462949508e-03 9.687643145235524571e+03
2.881095888814114506e-03 9.900072594909815962e+03
2.957865993294721274e-03 1.011595925529396482e+04
3.036681725262026493e-03 1.033529088733729441e+04
3.117597592806678475e-03 1.055805222810607120e+04
3.200669556449919732e-03 1.078422361124294366e+04
3.285955067845274663e-03 1.101378259008470013e+04
3.373513109511463558e-03 1.124669879954293719e+04
3.463404235624070390e-03 1.148294016525994266e+04
3.555690613894138020e-03 1.172246194617085166e+04
3.650436068562686303e-03 1.196522471894063165e+04
3.747706124540828125e-03 1.221117000520358306e+04
3.847568052726093885e-03 1.246024232292586203e+04
3.950090916526232364e-03 1.271237871263854686e+04
4.055345619622715246e-03 1.296750182437909643e+04
4.163404955006919789e-03 1.322553317171529670e+04
4.274343655322976332e-03 1.348638500860217391e+04
4.388238444552026302e-03 1.374996338391625250e+04
4.505168091073701898e-03 1.401616061886628268e+04
4.625213462141444451e-03 1.428487201874758284e+04
4.748457579809417690e-03 1.455597058572024252e+04
4.874985678349638696e-03 1.482932693029721304e+04
5.004885263199077700e-03 1.510480687648837011e+04
5.138246171477423366e-03 1.538225968941971769e+04
5.275160634117464359e-03 1.566152570970152192e+04
5.415723339650973037e-03 1.594244205894320112e+04
5.560031499694273807e-03 1.622482242436732122e+04
5.708184916178688298e-03 1.650848026081570060e+04
5.860286050372469357e-03 1.679321949837596912e+04
6.016440093741894958e-03 1.707881283896410605e+04
6.176755040700501916e-03 1.736504282892322954e+04
6.341341763296843605e-03 1.765167321219263977e+04
6.510314087892370150e-03 1.793845000322467240e+04
6.683788873882504956e-03 1.822511065272762789e+04
6.861886094515275147e-03 1.851137565404811176e+04
7.044728919863518790e-03 1.879695896670754883e+04
7.232443802007926074e-03 1.908154703995430827e+04
7.425160562489934064e-03 1.936483514838674819e+04
7.623012482094832995e-03 1.964648423463633662e+04
7.826136393027312982e-03 1.992615039198417799e+04
8.034672773543092075e-03 2.020347166573994036e+04
8.248765845102158309e-03 2.047806962355982614e+04
8.468563672110698826e-03 2.074955186192389010e+04
8.694218264320829198e-03 2.101751550501122620e+04
8.925885681958860632e-03 2.128153363845583226e+04
9.163726143654848943e-03 2.154116065707341841e+04
9.407904137247988935e-03 2.179595090652089129e+04
9.658588533544619145e-03 2.204543520171561249e+04
9.915952703107416485e-03 2.228912921733128314e+04
1.018017463615653907e-02 2.252653373146134982e+04
1.045143706566570643e-02 2.275712785519623867e+04
1.072992759373830873e-02 2.298039159763162388e+04
1.101583882135098204e-02 2.319577105038827722e+04
1.130936848155426021e-02 2.340271873602946653e+04
1.161071957622261674e-02 2.360065297645083047e+04
1.192010051644829330e-02 2.378900071165525151e+04
1.223772526667615650e-02 2.396717079152450970e+04
1.256381349267908509e-02 2.413456254496500696e+04
1.289859071347643910e-02 2.429055727831261174e+04
1.324228845730049571e-02 2.443454946571539040e+04
1.359514442171887508e-02 2.456590289307952116e+04
1.395740263802348023e-02 2.468400195532576254e+04
1.432931363999990181e-02 2.478822259612644848e+04
1.471113463719377588e-02 2.487793936152126480e+04
1.510312969279414483e-02 2.495254810242366148e+04
1.550556990625654927e-02 2.501142401674439679e+04
1.591873360079247915e-02 2.505398314341968216e+04
1.634290651585460288e-02 2.507963905989678460e+04
1.677838200475109329e-02 2.508783820141041724e+04
1.722546123752543776e-02 2.507806193524099945e+04
1.768445340924235457e-02 2.504978937944811332e+04
1.815567595382375915e-02 2.500257682256229964e+04
1.863945476358245049e-02 2.493598834431593423e+04
1.913612441460569788e-02 2.484967022701106544e+04
1.964602839814436064e-02 2.474328933976621920e+04
2.016951935816769029e-02 2.461660904954111174e+04
2.070695933524792365e-02 2.446943884264690496e+04
2.125872001694361496e-02 2.430167796103341243e+04
2.182518299485459654e-02 2.411331127314874175e+04
2.240674002852662688e-02 2.390440721237187245e+04
2.300379331638782374e-02 2.367514752516703811e+04
2.361675577390476288e-02 2.342580027458415861e+04
2.424605131915019349e-02 2.315677058937718175e+04
2.489211516598021159e-02 2.286857303246984884e+04
2.555539412502320223e-02 2.256183881342751192e+04
2.623634691268926164e-02 2.223734796758240191e+04
2.693544446841332832e-02 2.189599810376246751e+04
2.765317028035181590e-02 2.153882578583293798e+04
2.839002071975754368e-02 2.116700580993181211e+04
2.914650538426468568e-02 2.078184065860994087e+04
2.992314745032087497e-02 2.038476093258346737e+04
3.072048403501030991e-02 1.997733031849886538e+04
3.153906656751789828e-02 1.956121771131498463e+04
3.237946117049161909e-02 1.913819891790507245e+04
3.324224905156685644e-02 1.871013527058544423e+04
3.412802690532293348e-02 1.827897604701560704e+04
3.503740732595069657e-02 1.784670913251589445e+04
3.597101923091578640e-02 1.741536183045337020e+04
3.692950829591114953e-02 1.698697178017039550e+04
3.791353740139905698e-02 1.656355363071713509e+04
3.892378709105202839e-02 1.614707653827269314e+04
3.996095604240926247e-02 1.573944032985148078e+04
4.102576155007445907e-02 1.534241817749657275e+04
4.211894002178863394e-02 1.495765175960270426e+04
4.324124748772173454e-02 1.458659971517003578e+04
4.439346012333469232e-02 1.423051149766289382e+04
4.557637478617397597e-02 1.389038102242339119e+04
4.679080956696920340e-02 1.356693629485063866e+04
4.803760435541587492e-02 1.326057048055613996e+04
4.931762142103366525e-02 1.297134981990699453e+04
5.063174600950279269e-02 1.269895748901291881e+04
5.198088695488976840e-02 1.244268512648717115e+04
5.336597730818726931e-02 1.220140717562425198e+04
5.478797498260196130e-02 1.197357343261218193e+04
5.624786341603645046e-02 1.175721015293452547e+04
5.774665225122429385e-02 1.154994142802940405e+04
5.928537803398763878e-02 1.134901086026696794e+04
6.086510493010119371e-02 1.115133724803049881e+04
6.248692546125688557e-02 1.095359756301724519e+04
6.415196126064055815e-02 1.075232162331954169e+04
6.586136384864074711e-02 1.054402543031721871e+04
6.761631542922719174e-02 1.032537141508152672e+04
6.941802970755066304e-02 1.009334526891410314e+04
7.126775272932779626e-02 9.845453804141157889e+03
7.316676374259212245e-02 9.579912072552044265e+03
7.511637608240880060e-02 9.295834116017436827e+03
7.711793807916160481e-02 8.993390160222426857e+03
7.917283399104432795e-02 8.673902295877182041e+03
8.128248496139799106e-02 8.339884717767172333e+03
8.344835000155755023e-02 7.994993092638039343e+03
8.567192699988881999e-02 7.643893366087945651e+03
8.795475375771118209e-02 7.292032064526442809e+03
9.029840905282350561e-02 6.945324505123500785e+03
9.270451373137039708e-02 6.609804919921319197e+03
9.517473182880105409e-02 6.291220339477584275e+03
9.771077172069729533e-02 5.994639634746234151e+03
1.003143873042684348e-01 5.724090962983619647e+03
1.029873792113259467e-01 5.482247490125088007e+03
1.057315960535816640e-01 5.270186899447493488e+03
1.085489357011268224e-01 5.087237788269553675e+03
1.114413465949774529e-01 4.930913497464161082e+03
1.144108290945958367e-01 4.796965458289320850e+03
1.174594368613164769e-01 4.679574741213611560e+03
1.205892782786349982e-01 4.571709254600817076e+03
1.238025179103443701e-01 4.465688921873907930e+03
1.271013779975216362e-01 4.353931638063134415e+03
1.304881399954068155e-01 4.229858141634723324e+03
1.339651461512315900e-01 4.088817072887570248e+03
1.375348011240909163e-01 3.928881393458158072e+03
1.411995736479800811e-01 3.751297162754822239e+03
1.449619982391432693e-01 3.560463491132278250e+03
1.488246769489161847e-01 3.363329001261469784e+03
1.527902811632780022e-01 3.168330925648358516e+03
1.568615534503500775e-01 2.984015449850972800e+03
1.610413094571278847e-01 2.817658531581132593e+03
1.653324398567506126e-01 2.674093488085354693e+03
1.697379123476578655e-01 2.554953687245558285e+03
1.742607737060187512e-01 2.458398075094705746e+03
1.789041518928481955e-01 2.379370768009694530e+03
1.836712582172689290e-01 2.310408708731486058e+03
1.885653895574195549e-01 2.242986672087213265e+03
1.935899306405381159e-01 2.169323549515122522e+03
1.987483563838010059e-01 2.084320400476865416e+03
2.040442342975398171e-01 1.986570595041390789e+03
2.094812269524893578e-01 1.879192401829688606e+03
2.150630945127835203e-01 1.768633575529996506e+03
2.207936973364424404e-01 1.662480564540967862e+03
2.266769986451521446e-01 1.567543007580583435e+03
2.327170672651874272e-01 1.487577564915570747e+03
2.389180804413659487e-01 1.422333551985560462e+03
2.452843267259834925e-01 1.368052758595710657e+03
2.518202089447322822e-01 1.318454287480853509e+03
2.585302472416432518e-01 1.267286270460900596e+03
2.654190822051707976e-01 1.210488650995180933e+03
2.724914780775714029e-01 1.147711540651006999e+03
2.797523260497993269e-01 1.082301263737153022e+03
2.872066476442034499e-01 1.019286959501528600e+03
2.948595981873550764e-01 9.631005564767253873e+02
3.027164703754134933e-01 9.153300948534010786e+02
3.107826979344992524e-01 8.744394878312907622e+02
3.190638593785977695e-01 8.366393804471895237e+02
3.275656818675961590e-01 7.982533017606277781e+02
3.362940451681279974e-01 7.575765214655557429e+02
3.452549857199504468e-01 7.157203972971080930e+02
3.544547008106831432e-01 6.754149561952583554e+02
3.638995528617826603e-01 6.390072423271913067e+02
3.735960738287207872e-01 6.069361459332675395e+02
3.835509697184166789e-01 5.776573770310561713e+02
3.937711252270357232e-01 5.490913109418198701e+02
4.042636085013666669e-01 5.201920629882897629e+02
4.150356760270794698e-01 4.915368936256155621e+02
4.260947776472248649e-01 4.645009318143631845e+02
4.374485617144683869e-01 4.398522538589026567e+02
4.491048803806049761e-01 4.171592079652531311e+02
4.610717950270178944e-01 3.954172645228326246e+02
4.733575818398458313e-01 3.740912496918738270e+02
4.859707375336997370e-01 3.534789229482595942e+02
4.989199852278944913e-01 3.341376237669821307e+02
5.122142804792663151e-01 3.161648745472189148e+02
5.258628174757354889e-01 2.991674150383790334e+02
5.398750353949022251e-01 2.828079058095897267e+02
5.542606249320838341e-01 2.671421879742896976e+02
5.690295350022851473e-01 2.523756741979462390e+02
5.841919796207659665e-01 2.385001633066770239e+02
5.997584449669374207e-01 2.253268765940929654e+02
6.157396966364854229e-01 2.127600858035254419e+02
6.321467870867436556e-01 2.008509189163895314e+02
6.489910632804485324e-01 1.896191389897650481e+02
6.662841745331699039e-01 1.789871571443093217e+02
6.840380805698564881e-01 1.688961341818639994e+02
7.022650597960414798e-01 1.593446792712603042e+02
7.209777177894597378e-01 1.503131897370334968e+02
7.401889960179232064e-01 1.417722599972538262e+02
7.599121807894932967e-01 1.336942198010175957e+02
7.801609124411524876e-01 1.260534918327705611e+02
8.009491947723073046e-01 1.188278526555905330e+02
8.222914047296571161e-01 1.119967252026249156e+02
8.442023023501417089e-01 1.055403903960140468e+02
8.666970409688088406e-01 9.943991268518115589e+01
8.897911776987027510e-01 9.367702654536471130e+01
9.135006841899890873e-01 8.823427115178580493e+01
9.378419576757658360e-01 8.309499425092923275e+01
9.628318323122191380e-01 7.824320762628316572e+01
9.884875908209347362e-01 7.366350129890473397e+01
1.014826976441433048e+00 6.934123519990765772e+01
1.041868205202206799e+00 6.526253115203060418e+01
1.069629978518722213e+00 6.141438043608049213e+01
1.098131496127103812e+00 5.778457476991641784e+01
1.127392469362475502e+00 5.436149298872400237e+01
1.157433134791084894e+00 5.113405738358709840e+01
1.188274268205704587e+00 4.809159332090008832e+01
1.219937198993934491e+00 4.522389245652757950e+01
1.252443824889365231e+00 4.252128618784645653e+01
1.285816627115820676e+00 3.997463633073270728e+01
1.320078685935119900e+00 3.757538218155983145e+01
1.355253696609122649e+00 3.531543271935105821e+01
1.391365985787128334e+00 3.318710602049650049e+01
1.428440528329899095e+00 3.118309005826834834e+01
1.466502964582014679e+00 2.929638559291977273e+01
1.505579618104445627e+00 2.752035771967213762e+01
1.545697513879627838e+00 2.584873275209518795e+01
1.586884397001659730e+00 2.427559720036841640e+01
1.629168751864494835e+00 2.279538948432448464e+01
1.672579821861425176e+00 2.140284717204941600e+01
1.717147629609507176e+00 2.009298805016010547e+01
1.762902997712864073e+00 1.886108691988419750e+01
1.809877570079248876e+00 1.770266443892714392e+01
1.858103833804643834e+00 1.661348676235860111e+01
1.907615141640952583e+00 1.558955347523763635e+01
1.958445735062417370e+00 1.462708557284964428e+01
2.010630767946635977e+00 1.372251381722511887e+01
2.064206330886583896e+00 1.287246763627652157e+01
2.119209476150493376e+00 1.207376473621916091e+01
2.175678243306779169e+00 1.132340149301763432e+01
2.233651685531777620e+00 1.061854311075025237e+01
2.293169896618515224e+00 9.956514449631175268e+00
2.354274038705104655e+00 9.334791436745524251e+00
2.417006370742052379e+00 8.750992838914985583e+00
2.481410277718070656e+00 8.202872772782001221e+00
2.547530300664644809e+00 7.688313432221169919e+00
2.615412167460142712e+00 7.205317997219509607e+00
2.685102824454702386e+00 6.752003951743490440e+00
2.756650468937790865e+00 6.326597105771625706e+00
2.830104582470949648e+00 5.927425655118171655e+00
2.905515965108680820e+00 5.552914045189745629e+00
2.982936770531189108e+00 5.201577699020649703e+00
3.062420542113327926e+00 4.872018582418841781e+00
3.144022249954564252e+00 4.562920403395120950e+00
3.227798328895731927e+00 4.273044166847716596e+00
3.313806717548727576e+00 4.001223726276665005e+00
3.402106898366196841e+00 3.746361543392593418e+00
3.492759938778979389e+00 3.507424789229250717e+00
3.585828533429651799e+00 3.283441605059960633e+00
3.681377047531432023e+00 3.073497698637349895e+00
3.779471561382494738e+00 2.876733092275608250e+00
3.880179916066325063e+00 2.692338955504758324e+00
3.983571760369909232e+00 2.519554547088564966e+00
4.089718598952048367e+00 2.357664625702250216e+00
4.198693841795167359e+00 2.205996861825657795e+00
4.310572854974896728e+00 2.063919329173150796e+00
4.425433012782391096e+00 1.930838140800515079e+00
4.543353751235519766e+00 1.806195263380035110e+00
4.664416623015978480e+00 1.689466421725712930e+00
4.788705353870206238e+00 1.580159082277723392e+00
4.916305900513163962e+00 1.477810589260514229e+00
5.047306510075103780e+00 1.381986450418543733e+00
5.181797781132245539e+00 1.292278673193200111e+00
5.319872726363811033e+00 1.208304185580534318e+00
5.461626836878548552e+00 1.129703360377518617e+00
5.607158148255289021e+00 1.056138626219420118e+00
5.756567308343337075e+00 9.872931501804653731e-01
5.909957646869383296e+00 9.228695911942098595e-01
6.067435246899168355e+00 8.625889381602024342e-01
6.229109018203436321e+00 8.061894125819789592e-01
6.395090772578646110e+00 7.534254070573908058e-01
6.565495301174848919e+00 7.040664542689604177e-01
6.740440453883954852e+00 6.578963949627064656e-01
6.920047220843375868e+00 6.147125312998836799e-01
7.104439816111542960e+00 5.743248331054874312e-01
7.293745763572944796e+00 5.365551853697270168e-01
7.488095985132199317e+00 5.012366052701899832e-01
7.687624891258288962e+00 4.682125547144669331e-01
7.892470473941251008e+00 4.373362746159486503e-01
8.102774402126012632e+00 4.084701873706658715e-01
8.318682119689031040e+00 3.814853707448589981e-01
8.540342946025617721e+00 3.562610258786366724e-01
8.767910179317693675e+00 3.326839647618312634e-01
9.001541202553060117e+00 3.106481458594325118e-01
9.241397592369690273e+00 2.900542411640634755e-01
9.487645230800451301e+00 2.708092244990397690e-01
9.740454419995240087e+00 2.528260068292741414e-01
1.000000000000001243e+01 2.360230400264299588e-01
