2.000000000000000164e-05 9.262075717108766071e+01
2.053292293934867079e-05 9.499471658436821997e+01
2.108004622166153997e-05 9.742952032263141859e+01
2.164174823136422499e-05 9.992673894827485981e+01
2.221841743536934489e-05 1.024879399813731311e+02
2.281045265173598253e-05 1.051147774756691149e+02
2.341826332548782379e-05 1.078089650508720752e+02
2.404226981178082551e-05 1.105722037289714876e+02
2.468290366661622239e-05 1.134062487148991210e+02
2.534060794529988060e-05 1.163129326825003176e+02
2.601583750885445392e-05 1.192941165856955337e+02
2.670905933859625645e-05 1.223516942906881582e+02
2.742075285909439367e-05 1.254876437033328500e+02
2.815141026973549081e-05 1.287039294941949947e+02
2.890153688512337463e-05 1.320026956362436295e+02
2.967165148454906857e-05 1.353859833069220144e+02
3.046228667077283101e-05 1.388559525070823497e+02
3.127398923836632909e-05 1.424148914006633788e+02
3.210732055186977298e-05 1.460649909859485831e+02
3.296285693402538792e-05 1.498086411757489316e+02
3.384119006435591312e-05 1.536482583865444838e+02
3.474292738836358603e-05 1.575862601671097423e+02
3.566869253763278855e-05 1.616251805948141964e+02
3.661912576112674869e-05 1.657675946167080667e+02
3.759488436797665649e-05 1.700161733858837749e+02
3.859664318206942711e-05 1.743736506925576464e+02
3.962509500874844169e-05 1.788427361811758090e+02
4.068095111395005992e-05 1.834263557808698124e+02
4.176494171610734517e-05 1.881274559017151091e+02
4.287781649116103482e-05 1.929490007273292633e+02
4.402034509102715370e-05 1.978941334981518594e+02
4.519331767587979581e-05 2.029659043800139671e+02
4.639754546061719499e-05 2.081677015393861154e+02
4.763386127588897632e-05 2.135027296169861586e+02
4.890312014407265133e-05 2.189744561932155875e+02
5.020619987059766586e-05 2.245864269748183233e+02
5.154400165102594121e-05 2.303421255933691043e+02
5.291745069430881334e-05 2.362453495251485265e+02
5.432749686265127281e-05 2.422997675476690347e+02
5.577511532842625955e-05 2.485093571213056407e+02
5.726130724859304942e-05 2.548779443023164220e+02
5.878710045708642726e-05 2.614097608799846739e+02
6.035355017565522014e-05 2.681088699585912991e+02
6.196173974364208644e-05 2.749795745671837608e+02
6.361278136720904016e-05 2.820263334881129822e+02
6.530781688852690481e-05 2.892535630047335076e+02
6.704801857546083006e-05 2.966658977291575070e+02
6.883458993229776704e-05 3.042680861587847403e+02
7.066876653207678036e-05 3.120650237571596790e+02
7.255181687109773191e-05 3.200616020377138398e+02
7.448504324619932169e-05 3.282629705103573201e+02
7.646978265541317797e-05 3.366744310292017985e+02
7.850740772261702001e-05 3.453012715957416390e+02
8.059932764682609834e-05 3.541490082813237450e+02
8.274698917677972222e-05 3.632232563412570698e+02
8.495187761149680086e-05 3.725298719536877456e+02
8.721551782749217352e-05 3.820747972357322624e+02
8.953947533336434176e-05 3.918640831061605354e+02
9.192535735248404149e-05 4.019039203934852935e+02
9.437481393453217441e-05 4.122007151985616815e+02
9.688953909665589314e-05 4.227611833228116325e+02
9.947127199503227467e-05 4.335918134639182995e+02
1.021217981276494540e-04 4.446997082083933037e+02
1.048429505691373569e-04 4.560918025089421235e+02
1.076366112385019626e-04 4.677754274416816997e+02
1.105047122006395661e-04 4.797579137927878605e+02
1.134492370025317535e-04 4.920470629073880673e+02
1.164722220450443985e-04 5.046503656842526198e+02
1.195757579912801953e-04 5.175761761029106083e+02
1.227619912124580995e-04 5.308325171661592776e+02
1.260331252723200283e-04 5.444278830462581027e+02
1.293914224510912207e-04 5.583708242181771766e+02
1.328392053100482524e-04 5.726702286479994655e+02
1.363788582977768600e-04 5.873351516513132538e+02
1.400128293992301907e-04 6.023747230466588007e+02
1.437436318287282487e-04 6.177988585265583197e+02
1.475738457680691779e-04 6.336169077911639533e+02
1.515061201509545433e-04 6.498390482368689618e+02
1.555431744949624634e-04 6.664755159296148577e+02
1.596878007823364007e-04 6.835367085188496503e+02
1.639428653908887607e-04 7.010336269445632524e+02
1.683113110763565499e-04 7.189771208653986605e+02
1.727961590075785244e-04 7.373785744712517953e+02
1.774005108559025044e-04 7.562494101996027211e+02
1.821275509402666066e-04 7.756015423163089508e+02
1.869805484294396949e-04 7.954473645881259927e+02
1.919628596029418087e-04 8.157988948923182306e+02
1.970779301722105610e-04 8.366691566877699415e+02
2.023292976636168795e-04 8.580713728768170085e+02
2.077205938649791619e-04 8.800185343277023549e+02
2.132555473372679876e-04 9.025247144376545521e+02
2.189379859932372467e-04 9.256036787989280583e+02
2.247718397447669614e-04 9.492696846832565143e+02
2.307611432207463606e-04 9.735378222051498369e+02
2.369100385573793828e-04 9.984229216682000470e+02
2.432227782628395597e-04 1.023940601932453205e+03
2.497037281582587236e-04 1.050106309864152308e+03
2.563573703970796784e-04 1.076936350147874919e+03
2.631883065648651021e-04 1.104447381669310744e+03
2.702012608617023262e-04 1.132656494677474257e+03
2.774010833694091774e-04 1.161580449554953020e+03
2.847927534057956159e-04 1.191237421887345590e+03
2.923813829683065673e-04 1.221645042720521360e+03
3.001722202694214348e-04 1.252822585583975524e+03
3.081706533662612935e-04 1.284788583393351928e+03
3.163822138869085989e-04 1.317562587872945414e+03
3.248125808560211659e-04 1.351164142907461837e+03
3.334675846223820236e-04 1.385613736747021903e+03
3.423532108911049739e-04 1.420931900782534512e+03
3.514756048632821468e-04 1.457140114992992039e+03
3.608410754859366033e-04 1.494259952145651368e+03
3.704560998152216992e-04 1.532313227427522406e+03
3.803273274958802607e-04 1.571323163180864185e+03
3.904615853600666665e-04 1.611312289305587683e+03
4.008658821487080630e-04 1.652304241392406084e+03
4.115474133586723864e-04 1.694323211978691006e+03
4.225135662190946263e-04 1.737393931811981474e+03
4.337719248003030735e-04 1.781540721003273802e+03
4.453302752588783739e-04 1.826790223141520300e+03
4.571966112224741009e-04 1.873167974644981769e+03
4.693791393181205910e-04 1.920700122930438056e+03
4.818862848478387305e-04 1.969415123146175802e+03
4.947266976154846051e-04 2.019339265163989012e+03
5.079092579088599234e-04 2.070501711381486530e+03
5.214430826412194036e-04 2.122931137749527807e+03
5.353375316564289383e-04 2.176656374610563944e+03
5.496022142021289624e-04 2.231707631289836627e+03
5.642469955753859302e-04 2.288114661484358749e+03
5.792820039454202449e-04 2.345909784087301887e+03
5.947176373581391715e-04 2.405122973490187633e+03
6.105645709273090820e-04 2.465787570516518826e+03
6.268337642173459068e-04 2.527934630879998167e+03
6.435364688228309253e-04 2.591599233109512625e+03
6.606842361499870760e-04 2.656813305176143331e+03
6.782889254055063290e-04 2.723612459647908508e+03
6.963627117982437850e-04 2.792030858046759022e+03
7.149180949594603676e-04 2.862103624802163267e+03
7.339679075874276041e-04 2.933867878839940204e+03
7.535253243223819994e-04 3.007357738347410304e+03
7.736038708579588653e-04 3.082612791100267714e+03
7.942174332954156629e-04 3.159669094642365053e+03
8.153802677471027986e-04 3.238564388235371098e+03
8.371070101958375757e-04 3.319338121316115576e+03
8.594126866169843424e-04 3.402028995304337968e+03
8.823127233702576875e-04 3.486676008296702548e+03
9.058229578684176423e-04 3.573319852206763699e+03
9.299596495302549443e-04 3.662000553997284896e+03
9.547394910254208659e-04 3.752758123716996124e+03
9.801796198188970216e-04 3.845636222910051856e+03
1.006297630023074039e-03 3.940674595832208524e+03
1.033111584565648677e-03 4.037915041618111445e+03
1.060640027681743246e-03 4.137400765618160221e+03
1.088901997738893216e-03 4.239174202223280190e+03
1.117917040403775984e-03 4.343278030084728925e+03
1.147705222159773383e-03 4.449755642287611408e+03
1.178287144184732814e-03 4.558650509910326946e+03
1.209683956598517005e-03 4.670005235302863184e+03
1.241917373090187801e-03 4.783865090279909055e+03
1.275009685934958047e-03 4.900272062718245252e+03
1.308983781411281059e-03 5.019269977253134130e+03
1.343863155628752986e-03 5.140903591969849003e+03
1.379671930777755934e-03 5.265215978629783422e+03
1.416434871812103247e-03 5.392248346475074868e+03
1.454177403576205081e-03 5.522047172040443002e+03
1.492925628388617598e-03 5.654652739565070078e+03
1.532706344094109108e-03 5.790107071839283890e+03
1.573547062596758733e-03 5.928453950771635391e+03
1.615476028886883792e-03 6.069733316597437806e+03
1.658522240574970049e-03 6.213983687564772481e+03
1.702715467946087956e-03 6.361249051721774777e+03
1.748086274548701956e-03 6.511564934726569845e+03
1.794666038332078930e-03 6.664968470991906543e+03
1.842486973346937071e-03 6.821499642135715476e+03
1.891582152024321676e-03 6.981190929699546359e+03
1.941985528048134537e-03 7.144080286388678360e+03
1.993731959837134141e-03 7.310193796647507043e+03
2.046857234652624171e-03 7.479571045172438062e+03
2.101398093348532878e-03 7.652232674844687608e+03
2.157392255780980761e-03 7.828213721903122860e+03
2.214878446894923830e-03 8.007538029918762732e+03
2.273896423505887120e-03 8.190226188765033839e+03
2.334487001795346964e-03 8.376302596998133595e+03
2.396692085538746839e-03 8.565786034943324921e+03
2.460554695085697980e-03 8.758691545195402796e+03
2.526118997112360067e-03 8.955032410821264421e+03
2.593430335166642137e-03 9.154824108419892582e+03
2.662535261027290656e-03 9.358069777199354576e+03
2.733481566898598222e-03 9.564774724886290642e+03
2.806318318462949508e-03 9.774940089274819911e+03
2.881095888814114506e-03 9.988561339775853412e+03
2.957865993294721274e-03 1.020563489208151077e+04
3.036681725262026493e-03 1.042614816351939771e+04
3.117597592806678475e-03 1.065008636264720553e+04
3.200669556449919732e-03 1.087742881252555708e+04
3.285955067845274663e-03 1.110815260611430494e+04
3.373513109511463558e-03 1.134222395494037664e+04
3.463404235624070390e-03 1.157961156829875836e+04
3.555690613894138020e-03 1.182027626622025127e+04
3.650436068562686303e-03 1.206416605177841484e+04
3.747706124540828125e-03 1.231123304651074432e+04
3.847568052726093885e-03 1.256141491618205691e+04
3.950090916526232364e-03 1.281464503050596068e+04
4.055345619622715246e-03 1.307085108186680918e+04
4.163404955006919789e-03 1.332995547071898727e+04
4.274343655322976332e-03 1.359186321318671980e+04
4.388238444552026302e-03 1.385648294964214983e+04
4.505168091073701898e-03 1.412370746336424236e+04
4.625213462141444451e-03 1.439342885635845960e+04
4.748457579809417690e-03 1.466551909244528360e+04
4.874985678349638696e-03 1.493985121431533116e+04
5.004885263199077700e-03 1.521628581390019463e+04
5.138246171477423366e-03 1.549467613732591781e+04
5.275160634117464359e-03 1.577485728555230526e+04
5.415723339650973037e-03 1.605665947209439219e+04
5.560031499694273807e-03 1.633991037416234030e+04
5.708184916178688298e-03 1.662441455010069330e+04
5.860286050372469357e-03 1.690996505758991407e+04
6.016440093741894958e-03 1.719635677813083748e+04
6.176755040700501916e-03 1.748335065412329277e+04
6.341341763296843605e-03 1.777071329877585958e+04
6.510314087892370150e-03 1.805819977350896806e+04
6.683788873882504956e-03 1.834552811323101560e+04
6.861886094515275147e-03 1.863243505190723954e+04
7.044728919863518790e-03 1.891861893491056617e+04
7.232443802007926074e-03 1.920378012902095361e+04
7.425160562489934064e-03 1.948760019694153743e+04
7.623012482094832995e-03 1.976974099809888503e+04
7.826136393027312982e-03 2.004986012280317664e+04
8.034672773543092075e-03 2.032759193574655728e+04
8.248765845102158309e-03 2.060255416309420980e+04
8.468563672110698826e-03 2.087435952613388508e+04
8.694218264320829198e-03 2.114259266834847585e+04
8.925885681958860632e-03 2.140682967641918367e+04
9.163726143654848943e-03 2.166662936715162868e+04
9.407904137247988935e-03 2.192153927047436082e+04
9.658588533544619145e-03 2.217108239728592162e+04
9.915952703107416485e-03 2.241477643100221030e+04
1.018017463615653907e-02 2.265212485980750716e+04
1.045143706566570643e-02 2.288260497132353339e+04
1.072992759373830873e-02 2.310568118924612281e+04
1.101583882135098204e-02 2.332081525448676257e+04
1.130936848155426021e-02 2.352744343487756487e+04
1.161071957622261674e-02 2.372499351340129942e+04
1.192010051644829330e-02 2.391288179702128764e+04
1.223772526667615650e-02 2.409051569916727749e+04
1.256381349267908509e-02 2.425729381111987823e+04
1.289859071347643910e-02 2.441259578280760979e+04
1.324228845730049571e-02 2.455580852866479108e+04
1.359514442171887508e-02 2.468630983833322534e+04
1.395740263802348023e-02 2.480346723339598248e+04
1.432931363999990181e-02 2.490665846900071483e+04
1.471113463719377588e-02 2.499525851146442801e+04
1.510312969279414483e-02 2.506865404266397672e+04
1.550556990625654927e-02 2.512623224563523763e+04
1.591873360079247915e-02 2.516739241615035644e+04
1.634290651585460288e-02 2.519156543973378939e+04
1.677838200475109329e-02 2.519818735470072716e+04
1.722546123752543776e-02 2.518673005194715734e+04
1.768445340924235457e-02 2.515668890635018033e+04
1.815567595382375915e-02 2.510760877979782163e+04
1.863945476358245049e-02 2.503906759593228344e+04
1.913612441460569788e-02 2.495069337513749633e+04
1.964602839814436064e-02 2.484217492318455334e+04
2.016951935816769029e-02 2.471326667443833867e+04
2.070695933524792365e-02 2.456378305571050805e+04
2.125872001694361496e-02 2.439362825387635166e+04
2.182518299485459654e-02 2.420279058582922153e+04
2.240674002852662688e-02 2.399134293208814051e+04
2.300379331638782374e-02 2.375947366129271541e+04
2.361675577390476288e-02 2.350745545825625595e+04
2.424605131915019349e-02 2.323570078257896967e+04
2.489211516598021159e-02 2.294472827557692290e+04
2.555539412502320223e-02 2.263518958966168066e+04
2.623634691268926164e-02 2.230785946223325300e+04
2.693544446841332832e-02 2.196365426843558089e+04
2.765317028035181590e-02 2.160361427909930717e+04
2.839002071975754368e-02 2.122892739859766152e+04
2.914650538426468568e-02 2.084091362293266866e+04
2.992314745032087497e-02 2.044101196236044780e+04
3.072048403501030991e-02 2.003078956128636855e+04
3.153906656751789828e-02 1.961193405227856420e+04
3.237946117049161909e-02 1.918623525153773880e+04
3.324224905156685644e-02 1.875556549248974261e+04
3.412802690532293348e-02 1.832188226228016720e+04
3.503740732595069657e-02 1.788718563255099798e+04
3.597101923091578640e-02 1.745351843198220740e+04
3.692950829591114953e-02 1.702291845840082897e+04
3.791353740139905698e-02 1.659741635945851158e+04
3.892378709105202839e-02 1.617898984603827557e+04
3.996095604240926247e-02 1.576953460276314763e+04
4.102576155007445907e-02 1.537083729938834040e+04
4.211894002178863394e-02 1.498454078109709189e+04
4.324124748772173454e-02 1.461209976328550511e+04
4.439346012333469232e-02 1.425476566208023178e+04
4.557637478617397597e-02 1.391353331851287840e+04
4.679080956696920340e-02 1.358911694969391283e+04
4.803760435541587492e-02 1.328190976725549990e+04
4.931762142103366525e-02 1.299196624110041012e+04
5.063174600950279269e-02 1.271895166445612813e+04
5.198088695488976840e-02 1.246215199363549073e+04
5.336597730818726931e-02 1.222041929645699020e+04
5.478797498260196130e-02 1.199218397520919825e+04
5.624786341603645046e-02 1.177545873835181010e+04
5.774665225122429385e-02 1.156784043141365692e+04
5.928537803398763878e-02 1.136655607766073081e+04
6.086510493010119371e-02 1.116849472578689711e+04
6.248692546125688557e-02 1.097031389745002343e+04
6.415196126064055815e-02 1.076852283364199502e+04
6.586136384864074711e-02 1.055962112483609963e+04
6.761631542922719174e-02 1.034026163975996860e+04
6.941802970755066304e-02 1.010741539909843596e+04
7.126775272932779626e-02 9.858590009569958056e+03
7.316676374259212245e-02 9.592005971059945296e+03
7.511637608240880060e-02 9.306795180685008745e+03
7.711793807916160481e-02 9.003145587979741322e+03
7.917283399104432795e-02 8.682409851897522458e+03
8.128248496139799106e-02 8.347136201498366063e+03
8.344835000155755023e-02 8.001021335555807127e+03
8.567192699988881999e-02 7.648772081595992859e+03
8.795475375771118209e-02 7.295867074962297011e+03
9.029840905282350561e-02 6.948263242178491964e+03
9.270451373137039708e-02 6.612013031660313573e+03
9.517473182880105409e-02 6.292885417654452795e+03
9.771077172069729533e-02 5.995949656969090029e+03
1.003143873042684348e-01 5.725230603133033583e+03
1.029873792113259467e-01 5.483379545662688543e+03
1.057315960535816640e-01 5.271446922692060070e+03
1.085489357011268224e-01 5.088722676469211365e+03
1.114413465949774529e-01 4.932674215232746974e+03
1.144108290945958367e-01 4.799001898407278532e+03
1.174594368613164769e-01 4.681834436038598142e+03
1.205892782786349982e-01 4.574093754951277333e+03
1.238025179103443701e-01 4.468056518127557865e+03
1.271013779975216362e-01 4.356119769626840025e+03
1.304881399954068155e-01 4.231699710723574754e+03
1.339651461512315900e-01 4.090169840852809557e+03
1.375348011240909163e-01 3.929645916183607369e+03
1.411995736479800811e-01 3.751444201483256165e+03
1.449619982391432693e-01 3.560032133581958078e+03
1.488246769489161847e-01 3.362431049241755318e+03
1.527902811632780022e-01 3.167125703357356997e+03
1.568615534503500775e-01 2.982690311466476032e+03
1.610413094571278847e-01 2.816393572777769805e+03
1.653324398567506126e-01 2.673035601803359896e+03
1.697379123476578655e-01 2.554190628325036414e+03
1.742607737060187512e-01 2.457948381492562021e+03
1.789041518928481955e-01 2.379180727789028879e+03
1.836712582172689290e-01 2.310360918401092476e+03
1.885653895574195549e-01 2.242943181951556198e+03
1.935899306405381159e-01 2.169144919070407468e+03
1.987483563838010059e-01 2.083808669742655184e+03
2.040442342975398171e-01 1.985760476602896688e+03
2.094812269524893578e-01 1.878129365835168983e+03
2.150630945127835203e-01 1.767364637800147420e+03
2.207936973364424404e-01 1.661223762031915385e+03
2.266769986451521446e-01 1.566405627232904408e+03
2.327170672651874272e-01 1.486616608637301852e+03
2.389180804413659487e-01 1.421613953772055083e+03
2.452843267259834925e-01 1.367457166800387995e+03
2.518202089447322822e-01 1.317911172558767930e+03
2.585302472416432518e-01 1.266673511813603454e+03
2.654190822051707976e-01 1.209726641671511516e+03
2.724914780775714029e-01 1.146827298030447537e+03
2.797523260497993269e-01 1.081328613314312406e+03
2.872066476442034499e-01 1.018354249171834113e+03
2.948595981873550764e-01 9.622515457976019206e+02
3.027164703754134933e-01 9.146190763003970687e+02
3.107826979344992524e-01 8.738049850209466740e+02
3.190638593785977695e-01 8.360386109103081935e+02
3.275656818675961590e-01 7.976049510661683826e+02
3.362940451681279974e-01 7.568802009794469541e+02
3.452549857199504468e-01 7.149959302133150914e+02
3.544547008106831432e-01 6.747171029853160462e+02
3.638995528617826603e-01 6.383774905208415475e+02
3.735960738287207872e-01 6.063616968666151479e+02
3.835509697184166789e-01 5.771175190198474638e+02
3.937711252270357232e-01 5.485473903813211791e+02
4.042636085013666669e-01 5.196326247864583365e+02
4.150356760270794698e-01 4.909877253238846038e+02
4.260947776472248649e-01 4.639827338736055253e+02
4.374485617144683869e-01 4.393688607858880459e+02
4.491048803806049761e-01 4.167016445675048431e+02
4.610717950270178944e-01 3.949708564765408596e+02
4.733575818398458313e-01 3.736502356146764328e+02
4.859707375336997370e-01 3.530514273066025339e+02
4.989199852278944913e-01 3.337329298206057615e+02
5.122142804792663151e-01 3.157820990523618434e+02
5.258628174757354889e-01 2.987992659663673294e+02
5.398750353949022251e-01 2.824510575641284618e+02
5.542606249320838341e-01 2.667996837384515629e+02
5.690295350022851473e-01 2.520502377749717198e+02
5.841919796207659665e-01 2.381898310583092382e+02
5.997584449669374207e-01 2.250286452938428567e+02
6.157396966364854229e-01 2.124738256535227379e+02
6.321467870867436556e-01 2.005780227711588850e+02
6.489910632804485324e-01 1.893591232392542452e+02
6.662841745331699039e-01 1.787379466098427372e+02
6.840380805698564881e-01 1.686580382200108374e+02
7.022650597960414798e-01 1.591175260162704035e+02
7.209777177894597378e-01 1.500966888690934127e+02
7.401889960179232064e-01 1.415660269720212341e+02
7.599121807894932967e-01 1.334978089861874366e+02
7.801609124411524876e-01 1.258664381731016420e+02
8.009491947723073046e-01 1.186497500177363804e+02
8.222914047296571161e-01 1.118272192490862835e+02
8.442023023501417089e-01 1.053791694997697732e+02
8.666970409688088406e-01 9.928668388052231819e+01
8.897911776987027510e-01 9.353147042268882672e+01
9.135006841899890873e-01 8.809604264795422068e+01
9.378419576757658360e-01 8.296373066199579682e+01
9.628318323122191380e-01 7.811855130240776646e+01
9.884875908209347362e-01 7.354513443904745884e+01
1.014826976441433048e+00 6.922887785231411328e+01
1.041868205202206799e+00 6.515593485880873459e+01
1.069629978518722213e+00 6.131330851764490575e+01
1.098131496127103812e+00 5.768878219605338842e+01
1.127392469362475502e+00 5.427072866709345789e+01
1.157433134791084894e+00 5.104806792984639685e+01
1.188274268205704587e+00 4.801013636108503135e+01
1.219937198993934491e+00 4.514674511499563891e+01
1.252443824889365231e+00 4.244824293331813436e+01
1.285816627115820676e+00 3.990550609012404237e+01
1.320078685935119900e+00 3.750997924115489468e+01
1.355253696609122649e+00 3.525357339285964287e+01
1.391365985787128334e+00 3.312860971005177646e+01
1.428440528329899095e+00 3.112778114039803867e+01
1.466502964582014679e+00 2.924409917109753465e+01
1.505579618104445627e+00 2.747094017434989510e+01
1.545697513879627838e+00 2.580204059662926142e+01
1.586884397001659730e+00 2.423149500208676699e+01
1.629168751864494835e+00 2.275374638037614972e+01
1.672579821861425176e+00 2.136353656348116203e+01
1.717147629609507176e+00 2.005588775035017335e+01
1.762902997712864073e+00 1.882607932420429719e+01
1.809877570079248876e+00 1.766963695921226574e+01
1.858103833804643834e+00 1.658233180837510545e+01
1.907615141640952583e+00 1.556016845379185654e+01
1.958445735062417370e+00 1.459937375521835712e+01
2.010630767946635977e+00 1.369638455497424445e+01
2.064206330886583896e+00 1.284783586541496270e+01
2.119209476150493376e+00 1.205055037027636722e+01
2.175678243306779169e+00 1.130152818379355395e+01
2.233651685531777620e+00 1.059793781564456872e+01
2.293169896618515224e+00 9.937107383118005899e+00
2.354274038705104655e+00 9.316516101802770677e+00
2.417006370742052379e+00 8.733786226620193105e+00
2.481410277718070656e+00 8.186675250190411646e+00
2.547530300664644809e+00 7.673068563265506015e+00
2.615412167460142712e+00 7.190972236928375949e+00
2.685102824454702386e+00 6.738506284711015759e+00
2.756650468937790865e+00 6.313898961352628625e+00
2.830104582470949648e+00 5.915480856824459011e+00
2.905515965108680820e+00 5.541679050460294853e+00
2.982936770531189108e+00 5.191011789680552546e+00
3.062420542113327926e+00 4.862083653925096449e+00
3.144022249954564252e+00 4.553580726522902467e+00
3.227798328895731927e+00 4.264265893965813348e+00
3.313806717548727576e+00 3.992974605627458207e+00
3.402106898366196841e+00 3.738610880410427662e+00
3.492759938778979389e+00 3.500143420715656095e+00
3.585828533429651799e+00 3.276601932605702316e+00
3.681377047531432023e+00 3.067073649988079520e+00
3.779471561382494738e+00 2.870700046643318792e+00
3.880179916066325063e+00 2.686673694651362077e+00
3.983571760369909232e+00 2.514235261615906492e+00
4.089718598952048367e+00 2.352670840429469390e+00
4.198693841795167359e+00 2.201309345118227956e+00
4.310572854974896728e+00 2.059519968956483815e+00
4.425433012782391096e+00 1.926709804143929672e+00
4.543353751235519766e+00 1.802321745504805062e+00
4.664416623015978480e+00 1.685832406792464155e+00
4.788705353870206238e+00 1.576750132201366394e+00
4.916305900513163962e+00 1.474613129717814886e+00
5.047306510075103780e+00 1.378987720040972365e+00
5.181797781132245539e+00 1.289466672654597357e+00
5.319872726363811033e+00 1.205667617536777314e+00
5.461626836878548552e+00 1.127231581005234240e+00
5.607158148255289021e+00 1.053821609841392393e+00
5.756567308343337075e+00 9.851214540937792696e-01
5.909957646869383296e+00 9.208343142239718837e-01
6.067435246899168355e+00 8.606816896276963114e-01
6.229109018203436321e+00 8.044022869080276195e-01
6.395090772578646110e+00 7.517509660971282148e-01
6.565495301174848919e+00 7.024977279845557865e-01
6.740440453883954852e+00 6.564268564539240680e-01
6.920047220843375868e+00 6.133360662812487041e-01
7.104439816111542960e+00 5.730357049536659586e-01
7.293745763572944796e+00 5.353479962482665666e-01
7.488095985132199317e+00 5.001062755225186285e-01
7.687624891258288962e+00 4.671543054991523780e-01
7.892470473941251008e+00 4.363456107184173205e-01
8.102774402126012632e+00 4.075428819055618157e-01
8.318682119689031040e+00 3.806174504381090173e-01
8.540342946025617721e+00 3.554487570653533934e-01
8.767910179317693675e+00 3.319238421988789933e-01
9.001541202553060117e+00 3.099368810995296042e-01
9.241397592369690273e+00 2.893887494402241911e-01
9.487645230800451301e+00 2.701866124920975221e-01
9.740454419995240087e+00 2.522435607726638551e-01
1.000000000000001243e+01 2.354782142453759608e-01
