2.000000000000000164e-05 9.390541715518615717e+01
2.053292293934867079e-05 9.631230285843876970e+01
2.108004622166153997e-05 9.878087717264594403e+01
2.164174823136422499e-05 1.013127343949087447e+02
2.221841743536934489e-05 1.039094579083584620e+02
2.281045265173598253e-05 1.065727721370509045e+02
2.341826332548782379e-05 1.093043012815602424e+02
2.404226981178082551e-05 1.121058703632890712e+02
2.468290366661622239e-05 1.149792239934167526e+02
2.534060794529988060e-05 1.179262243974157371e+02
2.601583750885445392e-05 1.209487580022138502e+02
2.670905933859625645e-05 1.240487627918511180e+02
2.742075285909439367e-05 1.272282011235992911e+02
2.815141026973549081e-05 1.304891367597779492e+02
2.890153688512337463e-05 1.338336373177018856e+02
2.967165148454906857e-05 1.372638488345059784e+02
3.046228667077283101e-05 1.407819797366138914e+02
3.127398923836632909e-05 1.443902588780669589e+02
3.210732055186977298e-05 1.480910478468518647e+02
3.296285693402538792e-05 1.518866268282951921e+02
3.384119006435591312e-05 1.557795086568869465e+02
3.474292738836358603e-05 1.597721494955058574e+02
3.566869253763278855e-05 1.638670822081924996e+02
3.661912576112674869e-05 1.680669773647089471e+02
3.759488436797665649e-05 1.723745026724406557e+02
3.859664318206942711e-05 1.767924206890825474e+02
3.962509500874844169e-05 1.813235140433956190e+02
4.068095111395005992e-05 1.859707769905829480e+02
4.176494171610734517e-05 1.907371015508097969e+02
4.287781649116103482e-05 1.956255692819188710e+02
4.402034509102715370e-05 2.006392448244666866e+02
4.519331767587979581e-05 2.057814953533620894e+02
4.639754546061719499e-05 2.110553942325573757e+02
4.763386127588897632e-05 2.164645169448835986e+02
4.890312014407265133e-05 2.220121735749547156e+02
5.020619987059766586e-05 2.277020250790257023e+02
5.154400165102594121e-05 2.335376464799891210e+02
5.291745069430881334e-05 2.395227618872488904e+02
5.432749686265127281e-05 2.456612179273605534e+02
5.577511532842625955e-05 2.519569651644566761e+02
5.726130724859304942e-05 2.584139673396675221e+02
5.878710045708642726e-05 2.650364565385411311e+02
6.035355017565522014e-05 2.718285907705998170e+02
6.196173974364208644e-05 2.787946738214412790e+02
6.361278136720904016e-05 2.859392434715975355e+02
6.530781688852690481e-05 2.932668121683306026e+02
6.704801857546083006e-05 3.007820798056757212e+02
6.883458993229776704e-05 3.084898459413486762e+02
7.066876653207678036e-05 3.163950848347712963e+02
7.255181687109773191e-05 3.245026856890881390e+02
7.448504324619932169e-05 3.328179782332218224e+02
7.646978265541317797e-05 3.413462996974951125e+02
7.850740772261702001e-05 3.500929226517272355e+02
8.059932764682609834e-05 3.590635567902490948e+02
8.274698917677972222e-05 3.682639485108792314e+02
8.495187761149680086e-05 3.776998160367055561e+02
8.721551782749217352e-05 3.873774256518635184e+02
8.953947533336434176e-05 3.973028051449113605e+02
9.192535735248404149e-05 4.074820569192555126e+02
9.437481393453217441e-05 4.179220750071656312e+02
9.688953909665589314e-05 4.286292570471513841e+02
9.947127199503227467e-05 4.396105548223418964e+02
1.021217981276494540e-04 4.508728655462673487e+02
1.048429505691373569e-04 4.624233728842980327e+02
1.076366112385019626e-04 4.742696120703069482e+02
1.105047122006395661e-04 4.864187238694921689e+02
1.134492370025317535e-04 4.988788371649661144e+02
1.164722220450443985e-04 5.116576637527614935e+02
1.195757579912801953e-04 5.247633962654052766e+02
1.227619912124580995e-04 5.382042487763116014e+02
1.260331252723200283e-04 5.519889076093394351e+02
1.293914224510912207e-04 5.661259507285378731e+02
1.328392053100482524e-04 5.806245968046298458e+02
1.363788582977768600e-04 5.954937725464354799e+02
1.400128293992301907e-04 6.107430467614623240e+02
1.437436318287282487e-04 6.263821442606356413e+02
1.475738457680691779e-04 6.424207886353206050e+02
1.515061201509545433e-04 6.588691947337209740e+02
1.555431744949624634e-04 6.757377503195061763e+02
1.596878007823364007e-04 6.930373015241355006e+02
1.639428653908887607e-04 7.107783322709723279e+02
1.683113110763565499e-04 7.289724537577209276e+02
1.727961590075785244e-04 7.476308237535918124e+02
1.774005108559025044e-04 7.667654927754897471e+02
1.821275509402666066e-04 7.863881660667071856e+02
1.869805484294396949e-04 8.065115021354089322e+02
1.919628596029418087e-04 8.271480683904370608e+02
1.970779301722105610e-04 8.483104202462214971e+02
2.023292976636168795e-04 8.700124228020952160e+02
2.077205938649791619e-04 8.922671142780288847e+02
2.132555473372679876e-04 9.150887507615105960e+02
2.189379859932372467e-04 9.384914719056990862e+02
2.247718397447669614e-04 9.624898309297092283e+02
2.307611432207463606e-04 9.870988728733283324e+02
2.369100385573793828e-04 1.012333656254277003e+03
2.432227782628395597e-04 1.038210165976182225e+03
2.497037281582587236e-04 1.064743942215421839e+03
2.563573703970796784e-04 1.091952128995149451e+03
2.631883065648651021e-04 1.119850771337092965e+03
2.702012608617023262e-04 1.148457465435502627e+03
2.774010833694091774e-04 1.177789912841475370e+03
2.847927534057956159e-04 1.207865736437336409e+03
2.923813829683065673e-04 1.238703842475241572e+03
3.001722202694214348e-04 1.270322387501102185e+03
3.081706533662612935e-04 1.302741210218867536e+03
3.163822138869085989e-04 1.335979811732194548e+03
3.248125808560211659e-04 1.370058514435986353e+03
3.334675846223820236e-04 1.404997578844696591e+03
3.423532108911049739e-04 1.440818608962994176e+03
3.514756048632821468e-04 1.477542443831634500e+03
3.608410754859366033e-04 1.515191402088879840e+03
3.704560998152216992e-04 1.553788047123062825e+03
3.803273274958802607e-04 1.593355763726801570e+03
3.904615853600666665e-04 1.633917058560756232e+03
4.008658821487080630e-04 1.675496531106844031e+03
4.115474133586723864e-04 1.718118852978673658e+03
4.225135662190946263e-04 1.761808190521524011e+03
4.337719248003030735e-04 1.806590998467706186e+03
4.453302752588783739e-04 1.852492628598746251e+03
4.571966112224741009e-04 1.899539752135761546e+03
4.693791393181205910e-04 1.947759848401488625e+03
4.818862848478387305e-04 1.997180074561349784e+03
4.947266976154846051e-04 2.047828478956171466e+03
5.079092579088599234e-04 2.099734042478200536e+03
5.214430826412194036e-04 2.152926511680107524e+03
5.353375316564289383e-04 2.207434410428384581e+03
5.496022142021289624e-04 2.263289519819408724e+03
5.642469955753859302e-04 2.320521844022199275e+03
5.792820039454202449e-04 2.379162377467140232e+03
5.947176373581391715e-04 2.439244397074581684e+03
6.105645709273090820e-04 2.500799486288929984e+03
6.268337642173459068e-04 2.563861593131241079e+03
6.435364688228309253e-04 2.628463137824436672e+03
6.606842361499870760e-04 2.694639254195947615e+03
6.782889254055063290e-04 2.762424780646112595e+03
6.963627117982437850e-04 2.831854540026579343e+03
7.149180949594603676e-04 2.902964165706531276e+03
7.339679075874276041e-04 2.975790989201499542e+03
7.535253243223819994e-04 3.050370628485076395e+03
7.736038708579588653e-04 3.126741663821189832e+03
7.942174332954156629e-04 3.204940485179865846e+03
8.153802677471027986e-04 3.285006353688420859e+03
8.371070101958375757e-04 3.366978147053925113e+03
8.594126866169843424e-04 3.450895232873166151e+03
8.823127233702576875e-04 3.536796270131709662e+03
9.058229578684176423e-04 3.624722131817845366e+03
9.299596495302549443e-04 3.714713541138100936e+03
9.547394910254208659e-04 3.806811843586620853e+03
9.801796198188970216e-04 3.901056490603421025e+03
1.006297630023074039e-03 3.997491188406715537e+03
1.033111584565648677e-03 4.096156277942967790e+03
1.060640027681743246e-03 4.197094382578733530e+03
1.088901997738893216e-03 4.300348028156466171e+03
1.117917040403775984e-03 4.405958988766505172e+03
1.147705222159773383e-03 4.513971962954373339e+03
1.178287144184732814e-03 4.624426622261564262e+03
1.209683956598517005e-03 4.737368853630951889e+03
1.241917373090187801e-03 4.852840851393520097e+03
1.275009685934958047e-03 4.970885894425011429e+03
1.308983781411281059e-03 5.091545709363797869e+03
1.343863155628752986e-03 5.214864293839971651e+03
1.379671930777755934e-03 5.340883354542092093e+03
1.416434871812103247e-03 5.469645302617363086e+03
1.454177403576205081e-03 5.601194766375243489e+03
1.492925628388617598e-03 5.735570551659667217e+03
1.532706344094109108e-03 5.872815895403491595e+03
1.573547062596758733e-03 6.012971347743735350e+03
1.615476028886883792e-03 6.156076304992679979e+03
1.658522240574970049e-03 6.302173230936933578e+03
1.702715467946087956e-03 6.451297235783309588e+03
1.748086274548701956e-03 6.603489964165514721e+03
1.794666038332078930e-03 6.758785926768249738e+03
1.842486973346937071e-03 6.917223336919649228e+03
1.891582152024321676e-03 7.078834167947299647e+03
1.941985528048134537e-03 7.243654869869606955e+03
1.993731959837134141e-03 7.411714467886983584e+03
2.046857234652624171e-03 7.583046717848196749e+03
2.101398093348532878e-03 7.757675677446571171e+03
2.157392255780980761e-03 7.935633015311023883e+03
2.214878446894923830e-03 8.116940516580594704e+03
2.273896423505887120e-03 8.301619333639420802e+03
2.334487001795346964e-03 8.489691859853930509e+03
2.396692085538746839e-03 8.681176168713067455e+03
2.460554695085697980e-03 8.876085346710066005e+03
2.526118997112360067e-03 9.074432418031401539e+03
2.593430335166642137e-03 9.276227207008394544e+03
2.662535261027290656e-03 9.481471371246832859e+03
2.733481566898598222e-03 9.690173757092674350e+03
2.806318318462949508e-03 9.902330198786232359e+03
2.881095888814114506e-03 1.011793552970440396e+04
2.957865993294721274e-03 1.033698174193173327e+04
3.036681725262026493e-03 1.055945387734263204e+04
3.117597592806678475e-03 1.078533839117255593e+04
3.200669556449919732e-03 1.101461078008902587e+04
3.285955067845274663e-03 1.124724804425525508e+04
3.373513109511463558e-03 1.148321247618387497e+04
3.463404235624070390e-03 1.172247111914503694e+04
3.555690613894138020e-03 1.196498319499769059e+04
3.650436068562686303e-03 1.221069480448392824e+04
3.747706124540828125e-03 1.245955236623640667e+04
3.847568052726093885e-03 1.271149688350379438e+04
3.950090916526232364e-03 1.296645610216882233e+04
4.055345619622715246e-03 1.322435577971565908e+04
4.163404955006919789e-03 1.348511704376072703e+04
4.274343655322976332e-03 1.374864289929348342e+04
4.388238444552026302e-03 1.401484144580477732e+04
4.505168091073701898e-03 1.428360163453619498e+04
4.625213462141444451e-03 1.455480968227091034e+04
4.748457579809417690e-03 1.482834384548574053e+04
4.874985678349638696e-03 1.510407218131091395e+04
5.004885263199077700e-03 1.538184359933417545e+04
5.138246171477423366e-03 1.566152353552828208e+04
5.275160634117464359e-03 1.594293920646738479e+04
5.415723339650973037e-03 1.622591866483134436e+04
5.560031499694273807e-03 1.651028666908124433e+04
5.708184916178688298e-03 1.679585152585167452e+04
5.860286050372469357e-03 1.708239602234658378e+04
6.016440093741894958e-03 1.736971893472810916e+04
6.176755040700501916e-03 1.765758152174102725e+04
6.341341763296843605e-03 1.794574699902021530e+04
6.510314087892370150e-03 1.823395486103254007e+04
6.683788873882504956e-03 1.852194839432073422e+04
6.861886094515275147e-03 1.880944019143704645e+04
7.044728919863518790e-03 1.909613152730598813e+04
7.232443802007926074e-03 1.938173207266543977e+04
7.425160562489934064e-03 1.966590914226105087e+04
7.623012482094832995e-03 1.994833303150818028e+04
7.826136393027312982e-03 2.022865162972711551e+04
8.034672773543092075e-03 2.050650117936406969e+04
8.248765845102158309e-03 2.078150186572693929e+04
8.468563672110698826e-03 2.105325527763957871e+04
8.694218264320829198e-03 2.132135318786528660e+04
8.925885681958860632e-03 2.158537105093110222e+04
9.163726143654848943e-03 2.184485841080566024e+04
9.407904137247988935e-03 2.209936695427219092e+04
9.658588533544619145e-03 2.234841746141061230e+04
9.915952703107416485e-03 2.259152650283295588e+04
1.018017463615653907e-02 2.282819781836052425e+04
1.045143706566570643e-02 2.305789974077615261e+04
1.072992759373830873e-02 2.328010926582699176e+04
1.101583882135098204e-02 2.349427332453734198e+04
1.130936848155426021e-02 2.369983338598857517e+04
1.161071957622261674e-02 2.389621676124245278e+04
1.192010051644829330e-02 2.408283588321652132e+04
1.223772526667615650e-02 2.425910583196227162e+04
1.256381349267908509e-02 2.442440795297951991e+04
1.289859071347643910e-02 2.457814173477033546e+04
1.324228845730049571e-02 2.471967864271280268e+04
1.359514442171887508e-02 2.484839631645626287e+04
1.395740263802348023e-02 2.496366420747456505e+04
1.432931363999990181e-02 2.506486318336101249e+04
1.471113463719377588e-02 2.515136814833246535e+04
1.510312969279414483e-02 2.522255846160142391e+04
1.550556990625654927e-02 2.527783259953753804e+04
1.591873360079247915e-02 2.531658384604338426e+04
1.634290651585460288e-02 2.533823957229629013e+04
1.677838200475109329e-02 2.534224649623407822e+04
1.722546123752543776e-02 2.532807345885858376e+04
1.768445340924235457e-02 2.529521743603300274e+04
1.815567595382375915e-02 2.524322783707108465e+04
1.863945476358245049e-02 2.517167730836633200e+04
1.913612441460569788e-02 2.508020824787606762e+04
1.964602839814436064e-02 2.496850789670419181e+04
2.016951935816769029e-02 2.483633115301903672e+04
2.070695933524792365e-02 2.468350487278802393e+04
2.125872001694361496e-02 2.450993109882595309e+04
2.182518299485459654e-02 2.431560953889859593e+04
2.240674002852662688e-02 2.410061360673695890e+04
2.300379331638782374e-02 2.386513625640051032e+04
2.361675577390476288e-02 2.360948226672348028e+04
2.424605131915019349e-02 2.333403891236703930e+04
2.489211516598021159e-02 2.303936129489677478e+04
2.555539412502320223e-02 2.272608716669788555e+04
2.623634691268926164e-02 2.239502908112362275e+04
2.693544446841332832e-02 2.204708026046656232e+04
2.765317028035181590e-02 2.168332594976003384e+04
2.839002071975754368e-02 2.130495081652724548e+04
2.914650538426468568e-02 2.091328020580833982e+04
2.992314745032087497e-02 2.050977918848240006e+04
3.072048403501030991e-02 2.009602044821964955e+04
3.153906656751789828e-02 1.967370593547330282e+04
3.237946117049161909e-02 1.924463924485591633e+04
3.324224905156685644e-02 1.881070198329960476e+04
3.412802690532293348e-02 1.837387015473430074e+04
3.503740732595069657e-02 1.793614953370091825e+04
3.597101923091578640e-02 1.749958734998802538e+04
3.692950829591114953e-02 1.706624363330897177e+04
3.791353740139905698e-02 1.663814977945825740e+04
3.892378709105202839e-02 1.621729285125377100e+04
3.996095604240926247e-02 1.580556955809950159e+04
4.102576155007445907e-02 1.540477398441888545e+04
4.211894002178863394e-02 1.501654551528117554e+04
4.324124748772173454e-02 1.464234825601205193e+04
4.439346012333469232e-02 1.428342884009978479e+04
4.557637478617397597e-02 1.394077146061013264e+04
4.679080956696920340e-02 1.361508425134429490e+04
4.803760435541587492e-02 1.330676057681515704e+04
4.931762142103366525e-02 1.301583097353999801e+04
5.063174600950279269e-02 1.274196269461297561e+04
5.198088695488976840e-02 1.248440900159797638e+04
5.336597730818726931e-02 1.224201702907225808e+04
5.478797498260196130e-02 1.201319292003946248e+04
5.624786341603645046e-02 1.179592429397149499e+04
5.774665225122429385e-02 1.158779171578249588e+04
5.928537803398763878e-02 1.138599011576840348e+04
6.086510493010119371e-02 1.118739380773632547e+04
6.248692546125688557e-02 1.098863374121835295e+04
6.415196126064055815e-02 1.078619738481775494e+04
6.586136384864074711e-02 1.057656892530966616e+04
6.761631542922719174e-02 1.035637707826561018e+04
6.941802970755066304e-02 1.012259963599220464e+04
7.126775272932779626e-02 9.872730289395745785e+03
7.316676374259212245e-02 9.605003919090295312e+03
7.511637608240880060e-02 9.318558026461982081e+03
7.711793807916160481e-02 9.013610761300940794e+03
7.917283399104432795e-02 8.691538378210627343e+03
8.128248496139799106e-02 8.354926620252546854e+03
8.344835000155755023e-02 8.007514384373417670e+03
8.567192699988881999e-02 7.654040984427805597e+03
8.795475375771118209e-02 7.300030643959177723e+03
9.029840905282350561e-02 6.951470243326682976e+03
9.270451373137039708e-02 6.614440584131506512e+03
9.517473182880105409e-02 6.294721306597356488e+03
9.771077172069729533e-02 5.997391885124828150e+03
1.003143873042684348e-01 5.726463595342022927e+03
1.029873792113259467e-01 5.484575186835157183e+03
1.057315960535816640e-01 5.272742845920630316e+03
1.085489357011268224e-01 5.090218687838775622e+03
1.114413465949774529e-01 4.934424088041957475e+03
1.144108290945958367e-01 4.801007688897656408e+03
1.174594368613164769e-01 4.684047352935867821e+03
1.205892782786349982e-01 4.576413808261153463e+03
1.238025179103443701e-01 4.470346423544319805e+03
1.271013779975216362e-01 4.358217097625389215e+03
1.304881399954068155e-01 4.233441558182561494e+03
1.339651461512315900e-01 4.091413317151200772e+03
1.375348011240909163e-01 3.930295899459926204e+03
1.411995736479800811e-01 3.751470214544238388e+03
1.449619982391432693e-01 3.559478170460586171e+03
1.488246769489161847e-01 3.361408569667642496e+03
1.527902811632780022e-01 3.165797129865342868e+03
1.568615534503500775e-01 2.981243257169086064e+03
1.610413094571278847e-01 2.815006957819444324e+03
1.653324398567506126e-01 2.671854927007909737e+03
1.697379123476578655e-01 2.553303776761048994e+03
1.742607737060187512e-01 2.457374131375332126e+03
1.789041518928481955e-01 2.378863107733726793e+03
1.836712582172689290e-01 2.310185337929765410e+03
1.885653895574195549e-01 2.242756222546295248e+03
1.935899306405381159e-01 2.168793525851399863e+03
1.987483563838010059e-01 2.083180148128224573e+03
2.040442342975398171e-01 1.984816866499468915e+03
2.094812269524893578e-01 1.876915703703958570e+03
2.150630945127835203e-01 1.765994793669303817e+03
2.207936973364424404e-01 1.659844068745570667e+03
2.266769986451521446e-01 1.565149026239202158e+03
2.327170672651874272e-01 1.485563739476457840e+03
2.389180804413659487e-01 1.420773255620201780e+03
2.452843267259834925e-01 1.366765963593332572e+03
2.518202089447322822e-01 1.317261672949122158e+03
2.585302472416432518e-01 1.265956062633210422e+03
2.654190822051707976e-01 1.208873993724492948e+03
2.724914780775714029e-01 1.145842044027660677e+03
2.797523260497993269e-01 1.080278034708964242e+03
2.872066476442034499e-01 1.017331755797822780e+03
2.948595981873550764e-01 9.613327416508597025e+02
3.027164703754134933e-01 9.138262013423326380e+02
3.107826979344992524e-01 8.731031408223285553e+02
3.190638593785977695e-01 8.353604702699909694e+02
3.275656818675961590e-01 7.968917077213238827e+02
3.362940451681279974e-01 7.561154167160214001e+02
3.452549857199504468e-01 7.142107021089004775e+02
3.544547008106831432e-01 6.739628402902543485e+02
3.638995528617826603e-01 6.376895560785727639e+02
3.735960738287207872e-01 6.057373367528178960e+02
3.835509697184166789e-01 5.765246339284918804e+02
3.937711252270357232e-01 5.479529395906499758e+02
4.042636085013666669e-01 5.190288995008878601e+02
4.150356760270794698e-01 4.903931525685283077e+02
4.260947776472248649e-01 4.634213939106452358e+02
4.374485617144683869e-01 4.388472738083516447e+02
4.491048803806049761e-01 4.162068247031867827e+02
4.610717950270178944e-01 3.944865866654691331e+02
4.733575818398458313e-01 3.731735168738663333e+02
4.859707375336997370e-01 3.525917711793404692e+02
4.989199852278944913e-01 3.332985256069966340e+02
5.122142804792663151e-01 3.153705819531201087e+02
5.258628174757354889e-01 2.984029511867526594e+02
5.398750353949022251e-01 2.820670187440652512e+02
5.542606249320838341e-01 2.664313971090839459e+02
5.690295350022851473e-01 2.517002758709594445e+02
5.841919796207659665e-01 2.378563793122058883e+02
5.997584449669374207e-01 2.247084406521120741e+02
6.157396966364854229e-01 2.121669537103934715e+02
6.321467870867436556e-01 2.002855254995222651e+02
6.489910632804485324e-01 1.890805459582774688e+02
6.662841745331699039e-01 1.784721524100935994e+02
6.840380805698564881e-01 1.684039736873421020e+02
7.022650597960414798e-01 1.588749409286717480e+02
7.209777177894597378e-01 1.498655388215594542e+02
7.401889960179232064e-01 1.413460456962345688e+02
7.599121807894932967e-01 1.332885543037670573e+02
7.801609124411524876e-01 1.256673607896565414e+02
8.009491947723073046e-01 1.184603413713714275e+02
8.222914047296571161e-01 1.116470362561876897e+02
8.442023023501417089e-01 1.052078240443783130e+02
8.666970409688088406e-01 9.912382336683134554e+01
8.897911776987027510e-01 9.337674588036611567e+01
9.135006841899890873e-01 8.794910598787359390e+01
9.378419576757658360e-01 8.282423674967908767e+01
9.628318323122191380e-01 7.798616134827921087e+01
9.884875908209347362e-01 7.341952221431107262e+01
1.014826976441433048e+00 6.910973023195037968e+01
1.041868205202206799e+00 6.504295159244743729e+01
1.069629978518722213e+00 6.120620284980526549e+01
1.098131496127103812e+00 5.758727925199175246e+01
1.127392469362475502e+00 5.417456480185658307e+01
1.157433134791084894e+00 5.095698998233405064e+01
1.188274268205704587e+00 4.792390017079610942e+01
1.219937198993934491e+00 4.506511589744434332e+01
1.252443824889365231e+00 4.237099519277030879e+01
1.285816627115820676e+00 3.983242369850055553e+01
1.320078685935119900e+00 3.744085506535849817e+01
1.355253696609122649e+00 3.518820855761509847e+01
1.391365985787128334e+00 3.306681347492982326e+01
1.428440528329899095e+00 3.106937083808674771e+01
1.466502964582014679e+00 2.918890124366933136e+01
1.505579618104445627e+00 2.741879010394861638e+01
1.545697513879627838e+00 2.575278235675138561e+01
1.586884397001659730e+00 2.418498009794476999e+01
1.629168751864494835e+00 2.270983229006886361e+01
1.672579821861425176e+00 2.132208651356490492e+01
1.717147629609507176e+00 2.001677069816717847e+01
1.762902997712864073e+00 1.878917057270699686e+01
1.809877570079248876e+00 1.763481873019117785e+01
1.858103833804643834e+00 1.654949283913644109e+01
1.907615141640952583e+00 1.552920350038553821e+01
1.958445735062417370e+00 1.457018246330430422e+01
2.010630767946635977e+00 1.366887083926657809e+01
2.064206330886583896e+00 1.282190785372698905e+01
2.119209476150493376e+00 1.202612045348813474e+01
2.175678243306779169e+00 1.127851355315097592e+01
2.233651685531777620e+00 1.057626041115666027e+01
2.293169896618515224e+00 9.916693578841814016e+00
2.354274038705104655e+00 9.297296251296305769e+00
2.417006370742052379e+00 8.715693929421874486e+00
2.481410277718070656e+00 8.169647170123180757e+00
2.547530300664644809e+00 7.657044364349389731e+00
2.615412167460142712e+00 7.175894653168764847e+00
2.685102824454702386e+00 6.724321262646482111e+00
2.756650468937790865e+00 6.300555505341634444e+00
2.830104582470949648e+00 5.902930850871977775e+00
2.905515965108680820e+00 5.529877103611146261e+00
2.982936770531189108e+00 5.179915092191929027e+00
3.062420542113327926e+00 4.851651824527158929e+00
3.144022249954564252e+00 4.543775654688650967e+00
3.227798328895731927e+00 4.255051456479858274e+00
3.313806717548727576e+00 3.984316489805800998e+00
3.402106898366196841e+00 3.730476523945188916e+00
3.492759938778979389e+00 3.492501978545781149e+00
3.585828533429651799e+00 3.269424365713055280e+00
3.681377047531432023e+00 3.060332673259740233e+00
3.779471561382494738e+00 2.864370012960150369e+00
3.880179916066325063e+00 2.680730450080317961e+00
3.983571760369909232e+00 2.508655937660466684e+00
4.089718598952048367e+00 2.347433777312147640e+00
4.198693841795167359e+00 2.196394045312108023e+00
4.310572854974896728e+00 2.054907105343390938e+00
4.425433012782391096e+00 1.922381260782158208e+00
4.543353751235519766e+00 1.798260543872323813e+00
4.664416623015978480e+00 1.682022622112672616e+00
4.788705353870206238e+00 1.573176745478007010e+00
4.916305900513163962e+00 1.471261899776135307e+00
5.047306510075103780e+00 1.375845154039119445e+00
5.181797781132245539e+00 1.286520006374570091e+00
5.319872726363811033e+00 1.202904854917683508e+00
5.461626836878548552e+00 1.124641491742523591e+00
5.607158148255289021e+00 1.051393676004270139e+00
5.756567308343337075e+00 9.828458133694232268e-01
5.909957646869383296e+00 9.187016754104226912e-01
6.067435246899168355e+00 8.586832873545569011e-01
6.229109018203436321e+00 8.025298564230347598e-01
6.395090772578646110e+00 7.499967242271166068e-01
6.565495301174848919e+00 7.008543669465484571e-01
6.740440453883954852e+00 6.548875189247368445e-01
6.920047220843375868e+00 6.118943170395421127e-01
7.104439816111542960e+00 5.716855005530335765e-01
7.293745763572944796e+00 5.340836534815716075e-01
7.488095985132199317e+00 4.989224502604672762e-01
7.687624891258288962e+00 4.660459736529212749e-01
7.892470473941251008e+00 4.353080480835251342e-01
8.102774402126012632e+00 4.065716457195832079e-01
8.318682119689031040e+00 3.797083641145617694e-01
8.540342946025617721e+00 3.545978967267695570e-01
8.767910179317693675e+00 3.311275357574835487e-01
9.001541202553060117e+00 3.091917001230206630e-01
9.241397592369690273e+00 2.886914912387729681e-01
9.487645230800451301e+00 2.695342805049984469e-01
9.740454419995240087e+00 2.516333307281989340e-01
1.000000000000001243e+01 2.349074183352846679e-01
