2.000000000000000164e-05 9.530033474576134722e+01
2.053292293934867079e-05 9.774298454180768658e+01
2.108004622166153997e-05 1.002482193657718881e+02
2.164174823136422499e-05 1.028176765191658575e+02
2.221841743536934489e-05 1.054529846322564026e+02
2.281045265173598253e-05 1.081558538276521233e+02
2.341826332548782379e-05 1.109279922778502083e+02
2.404226981178082551e-05 1.137711605401787551e+02
2.468290366661622239e-05 1.166872191755882398e+02
2.534060794529988060e-05 1.196779933643416314e+02
2.601583750885445392e-05 1.227454267121890297e+02
2.670905933859625645e-05 1.258914814613177811e+02
2.742075285909439367e-05 1.291181494137690322e+02
2.815141026973549081e-05 1.324275258534081843e+02
2.890153688512337463e-05 1.358217084486159365e+02
2.967165148454906857e-05 1.393028705889416017e+02
3.046228667077283101e-05 1.428732994782237427e+02
3.127398923836632909e-05 1.465351723451669557e+02
3.210732055186977298e-05 1.502909258447254217e+02
3.296285693402538792e-05 1.541429249363835936e+02
3.384119006435591312e-05 1.580936042669787867e+02
3.474292738836358603e-05 1.621455708531378832e+02
3.566869253763278855e-05 1.663013589150748146e+02
3.661912576112674869e-05 1.705636792352512714e+02
3.759488436797665649e-05 1.749352021710667202e+02
3.859664318206942711e-05 1.794187221780034349e+02
3.962509500874844169e-05 1.840171612714811999e+02
4.068095111395005992e-05 1.887334738935694247e+02
4.176494171610734517e-05 1.935705918156020857e+02
4.287781649116103482e-05 1.985316803615480410e+02
4.402034509102715370e-05 2.036198576170365300e+02
4.519331767587979581e-05 2.088384845250220678e+02
4.639754546061719499e-05 2.141908277839580137e+02
4.763386127588897632e-05 2.196802794928440790e+02
4.890312014407265133e-05 2.253104139311488723e+02
5.020619987059766586e-05 2.310847796350824979e+02
5.154400165102594121e-05 2.370071329906340907e+02
5.291745069430881334e-05 2.430811635530074000e+02
5.432749686265127281e-05 2.493108731994119012e+02
5.577511532842625955e-05 2.557001933748828435e+02
5.726130724859304942e-05 2.622531484447413845e+02
5.878710045708642726e-05 2.689740685377396971e+02
6.035355017565522014e-05 2.758670639027928360e+02
6.196173974364208644e-05 2.829367445152437881e+02
6.361278136720904016e-05 2.901874751219289124e+02
6.530781688852690481e-05 2.976240122666716275e+02
6.704801857546083006e-05 3.052509218882769915e+02
6.883458993229776704e-05 3.130733463708636464e+02
7.066876653207678036e-05 3.210959659213162922e+02
7.255181687109773191e-05 3.293242029959514525e+02
7.448504324619932169e-05 3.377630984209168332e+02
7.646978265541317797e-05 3.464181528565924850e+02
7.850740772261702001e-05 3.552949263565502065e+02
8.059932764682609834e-05 3.643989170682369831e+02
8.274698917677972222e-05 3.737360685243045850e+02
8.495187761149680086e-05 3.833122795724920593e+02
8.721551782749217352e-05 3.931338189592693766e+02
8.953947533336434176e-05 4.032066599705975136e+02
9.192535735248404149e-05 4.135373875470383496e+02
9.437481393453217441e-05 4.241327362000029666e+02
9.688953909665589314e-05 4.349991827943800331e+02
9.947127199503227467e-05 4.461438337367505369e+02
1.021217981276494540e-04 4.575736695338497384e+02
1.048429505691373569e-04 4.692961367914195421e+02
1.076366112385019626e-04 4.813184644461031780e+02
1.105047122006395661e-04 4.936485278165371255e+02
1.134492370025317535e-04 5.062940098780895823e+02
1.164722220450443985e-04 5.192630239977041811e+02
1.195757579912801953e-04 5.325638199819591136e+02
1.227619912124580995e-04 5.462047214680133038e+02
1.260331252723200283e-04 5.601946494368372669e+02
1.293914224510912207e-04 5.745423017034779605e+02
1.328392053100482524e-04 5.892568767696843679e+02
1.363788582977768600e-04 6.043473947246251328e+02
1.400128293992301907e-04 6.198240303398704327e+02
1.437436318287282487e-04 6.356960187541926643e+02
1.475738457680691779e-04 6.519736594169023647e+02
1.515061201509545433e-04 6.686671705930962162e+02
1.555431744949624634e-04 6.857871779877518748e+02
1.596878007823364007e-04 7.033445101361900242e+02
1.639428653908887607e-04 7.213503064036407295e+02
1.683113110763565499e-04 7.398157159793165647e+02
1.727961590075785244e-04 7.587525403078246882e+02
1.774005108559025044e-04 7.781726972830000477e+02
1.821275509402666066e-04 7.980883044129487871e+02
1.869805484294396949e-04 8.185119871309649398e+02
1.919628596029418087e-04 8.394567512377791445e+02
1.970779301722105610e-04 8.609353192103238825e+02
2.023292976636168795e-04 8.829613858605169980e+02
2.077205938649791619e-04 9.055487585514732700e+02
2.132555473372679876e-04 9.287117241363881703e+02
2.189379859932372467e-04 9.524644923077635212e+02
2.247718397447669614e-04 9.768216889093133659e+02
2.307611432207463606e-04 1.001799129713869775e+03
2.369100385573793828e-04 1.027411684459167873e+03
2.432227782628395597e-04 1.053675665569754074e+03
2.497037281582587236e-04 1.080607390491267097e+03
2.563573703970796784e-04 1.108223388953583935e+03
2.631883065648651021e-04 1.136540492836267504e+03
2.702012608617023262e-04 1.165576495397060171e+03
2.774010833694091774e-04 1.195349314878966197e+03
2.847927534057956159e-04 1.225877020029997539e+03
2.923813829683065673e-04 1.257178375365676629e+03
3.001722202694214348e-04 1.289272897455039129e+03
3.081706533662612935e-04 1.322179616265049845e+03
3.163822138869085989e-04 1.355918620966417848e+03
3.248125808560211659e-04 1.390510970697028142e+03
3.334675846223820236e-04 1.425976766053514666e+03
3.423532108911049739e-04 1.462338308583763137e+03
3.514756048632821468e-04 1.499616746302938282e+03
3.608410754859366033e-04 1.537835100966770369e+03
3.704560998152216992e-04 1.577015640622727005e+03
3.803273274958802607e-04 1.617182208038616636e+03
3.904615853600666665e-04 1.658358492211136991e+03
4.008658821487080630e-04 1.700568730398076241e+03
4.115474133586723864e-04 1.743838159707395562e+03
4.225135662190946263e-04 1.788191869795451794e+03
4.337719248003030735e-04 1.833655965464187375e+03
4.453302752588783739e-04 1.880256905839727551e+03
4.571966112224741009e-04 1.928021888028039939e+03
4.693791393181205910e-04 1.976977794225278103e+03
4.818862848478387305e-04 2.027153572997452784e+03
4.947266976154846051e-04 2.078577197856820931e+03
5.079092579088599234e-04 2.131278775302403119e+03
5.214430826412194036e-04 2.185287100996578374e+03
5.353375316564289383e-04 2.240633395090838803e+03
5.496022142021289624e-04 2.297347425379680772e+03
5.642469955753859302e-04 2.355462078025450865e+03
5.792820039454202449e-04 2.415008014610325063e+03
5.947176373581391715e-04 2.476018925897376903e+03
6.105645709273090820e-04 2.538527055375705004e+03
6.268337642173459068e-04 2.602566999342954205e+03
6.435364688228309253e-04 2.668172256826858757e+03
6.606842361499870760e-04 2.735377580046655112e+03
6.782889254055063290e-04 2.804220029651693494e+03
6.963627117982437850e-04 2.874732908297145968e+03
7.149180949594603676e-04 2.946954316876888242e+03
7.339679075874276041e-04 3.020921084353653441e+03
7.535253243223819994e-04 3.096670739677299935e+03
7.736038708579588653e-04 3.174240720399967813e+03
7.942174332954156629e-04 3.253669913052376614e+03
8.153802677471027986e-04 3.334997232064460150e+03
8.371070101958375757e-04 3.418262259476008239e+03
8.594126866169843424e-04 3.503505216811314767e+03
8.823127233702576875e-04 3.590765392214321309e+03
9.058229578684176423e-04 3.680083515136776441e+03
9.299596495302549443e-04 3.771502077528977679e+03
9.547394910254208659e-04 3.865060845697430068e+03
9.801796198188970216e-04 3.960803623222130227e+03
1.006297630023074039e-03 4.058769330655552949e+03
1.033111584565648677e-03 4.159003589816210479e+03
1.060640027681743246e-03 4.261546001696630810e+03
1.088901997738893216e-03 4.366441247320092771e+03
1.117917040403775984e-03 4.473731940945358474e+03
1.147705222159773383e-03 4.583460986885134844e+03
1.178287144184732814e-03 4.695669401774287508e+03
1.209683956598517005e-03 4.810402618712687399e+03
1.241917373090187801e-03 4.927701612844333795e+03
1.275009685934958047e-03 5.047612055991330635e+03
1.308983781411281059e-03 5.170174018358694411e+03
1.343863155628752986e-03 5.295430431634305023e+03
1.379671930777755934e-03 5.423425819783946281e+03
1.416434871812103247e-03 5.554198258386304587e+03
1.454177403576205081e-03 5.687794001563619531e+03
1.492925628388617598e-03 5.824249283427370756e+03
1.532706344094109108e-03 5.963609995039259957e+03
1.573547062596758733e-03 6.105910203354907935e+03
1.615476028886883792e-03 6.251195382260802944e+03
1.658522240574970049e-03 6.399499943298129438e+03
1.702715467946087956e-03 6.550863493305471820e+03
1.748086274548701956e-03 6.705322409294642057e+03
1.794666038332078930e-03 6.862914328085187663e+03
1.842486973346937071e-03 7.023669427839233322e+03
1.891582152024321676e-03 7.187626378684027259e+03
1.941985528048134537e-03 7.354813864806141282e+03
1.993731959837134141e-03 7.525265080548691913e+03
2.046857234652624171e-03 7.699005605928837213e+03
2.101398093348532878e-03 7.876063932620493688e+03
2.157392255780980761e-03 8.056466794859074980e+03
2.214878446894923830e-03 8.240236140334480297e+03
2.273896423505887120e-03 8.427393922960824057e+03
2.334487001795346964e-03 8.617958479174496460e+03
2.396692085538746839e-03 8.811946479843551060e+03
2.460554695085697980e-03 9.009369401760430264e+03
2.526118997112360067e-03 9.210238894679296209e+03
2.593430335166642137e-03 9.414563707160892591e+03
2.662535261027290656e-03 9.622346748704294441e+03
2.733481566898598222e-03 9.833589432732032947e+03
2.806318318462949508e-03 1.004829010576520341e+04
2.881095888814114506e-03 1.026643921001366471e+04
2.957865993294721274e-03 1.048802746329403089e+04
3.036681725262026493e-03 1.071303888551996351e+04
3.117597592806678475e-03 1.094145740442440547e+04
3.200669556449919732e-03 1.117325605713329969e+04
3.285955067845274663e-03 1.140840653653938170e+04
3.373513109511463558e-03 1.164687337027600734e+04
3.463404235624070390e-03 1.188861761574507364e+04
3.555690613894138020e-03 1.213359353772238683e+04
3.650436068562686303e-03 1.238174840870756270e+04
3.747706124540828125e-03 1.263302637379269618e+04
3.847568052726093885e-03 1.288736140209503537e+04
3.950090916526232364e-03 1.314468048025774442e+04
4.055345619622715246e-03 1.340490747295610163e+04
4.163404955006919789e-03 1.366795802658669345e+04
4.274343655322976332e-03 1.393373581465445204e+04
4.388238444552026302e-03 1.420213393805066153e+04
4.505168091073701898e-03 1.447305244554158890e+04
4.625213462141444451e-03 1.474636739247089463e+04
4.748457579809417690e-03 1.502195534335204866e+04
4.874985678349638696e-03 1.529967380844237596e+04
5.004885263199077700e-03 1.557938701557832428e+04
5.138246171477423366e-03 1.586093436384582128e+04
5.275160634117464359e-03 1.614415701521557276e+04
5.415723339650973037e-03 1.642887425356176027e+04
5.560031499694273807e-03 1.671490316770100253e+04
5.708184916178688298e-03 1.700205176969467357e+04
5.860286050372469357e-03 1.729010312583358609e+04
6.016440093741894958e-03 1.757884988193315803e+04
6.176755040700501916e-03 1.786804836502758553e+04
6.341341763296843605e-03 1.815746505848000743e+04
6.510314087892370150e-03 1.844683118621202448e+04
6.683788873882504956e-03 1.873588829168727534e+04
6.861886094515275147e-03 1.902434980275577982e+04
7.044728919863518790e-03 1.931191652854954373e+04
7.232443802007926074e-03 1.959827636142961637e+04
7.425160562489934064e-03 1.988311793832408512e+04
7.623012482094832995e-03 2.016609340940106631e+04
7.826136393027312982e-03 2.044685730703911759e+04
8.034672773543092075e-03 2.072503935493898098e+04
8.248765845102158309e-03 2.100025912474286815e+04
8.468563672110698826e-03 2.127211618315979285e+04
8.694218264320829198e-03 2.154020294765494327e+04
8.925885681958860632e-03 2.180407715901668416e+04
9.163726143654848943e-03 2.206331056524142696e+04
9.407904137247988935e-03 2.231743175277273986e+04
9.658588533544619145e-03 2.256597798108879579e+04
9.915952703107416485e-03 2.280845069635477921e+04
1.018017463615653907e-02 2.304435256950340408e+04
1.045143706566570643e-02 2.327316142856118313e+04
1.072992759373830873e-02 2.349434396586794537e+04
1.101583882135098204e-02 2.370734589207602039e+04
1.130936848155426021e-02 2.391161277071461518e+04
1.161071957622261674e-02 2.410656564394939414e+04
1.192010051644829330e-02 2.429162008055428669e+04
1.223772526667615650e-02 2.446618629873258396e+04
1.256381349267908509e-02 2.462965505560474048e+04
1.289859071347643910e-02 2.478140660624073644e+04
1.324228845730049571e-02 2.492083179156999904e+04
1.359514442171887508e-02 2.504730153905479528e+04
1.395740263802348023e-02 2.516018234800490245e+04
1.432931363999990181e-02 2.525886111983772935e+04
1.471113463719377588e-02 2.534271003410483536e+04
1.510312969279414483e-02 2.541110991193555674e+04
1.550556990625654927e-02 2.546345465540545774e+04
1.591873360079247915e-02 2.549914979813111131e+04
1.634290651585460288e-02 2.551762664357849280e+04
1.677838200475109329e-02 2.551831696502912746e+04
1.722546123752543776e-02 2.550071502709608831e+04
1.768445340924235457e-02 2.546430073663935036e+04
1.815567595382375915e-02 2.540863973648428873e+04
1.863945476358245049e-02 2.533330533735845529e+04
1.913612441460569788e-02 2.523794763618893194e+04
1.964602839814436064e-02 2.512225143748931805e+04
2.016951935816769029e-02 2.498598940717425648e+04
2.070695933524792365e-02 2.482898929805951775e+04
2.125872001694361496e-02 2.465115433226194000e+04
2.182518299485459654e-02 2.445249708584133623e+04
2.240674002852662688e-02 2.423310475747113378e+04
2.300379331638782374e-02 2.399317871770216880e+04
2.361675577390476288e-02 2.373301461977487634e+04
2.424605131915019349e-02 2.345304459498545475e+04
2.489211516598021159e-02 2.315380314162142531e+04
2.555539412502320223e-02 2.283596264422903550e+04
2.623634691268926164e-02 2.250032501949988728e+04
2.693544446841332832e-02 2.214782344544372972e+04
2.765317028035181590e-02 2.177953699358828817e+04
2.839002071975754368e-02 2.139666662927403740e+04
2.914650538426468568e-02 2.100056259338183736e+04
2.992314745032087497e-02 2.059269560896358598e+04
3.072048403501030991e-02 2.017465360449473519e+04
3.153906656751789828e-02 1.974815733721389915e+04
3.237946117049161909e-02 1.931501626096412656e+04
3.324224905156685644e-02 1.887713830734106159e+04
3.412802690532293348e-02 1.843649524871547692e+04
3.503740732595069657e-02 1.799511743802195633e+04
3.597101923091578640e-02 1.755506202337730429e+04
3.692950829591114953e-02 1.711839256659378952e+04
3.791353740139905698e-02 1.668715286386988737e+04
3.892378709105202839e-02 1.626333794043148009e+04
3.996095604240926247e-02 1.584885256512508931e+04
4.102576155007445907e-02 1.544548876206461682e+04
4.211894002178863394e-02 1.505489105051603474e+04
4.324124748772173454e-02 1.467852318281205044e+04
4.439346012333469232e-02 1.431762050032737170e+04
4.557637478617397597e-02 1.397316755176433435e+04
4.679080956696920340e-02 1.364587356511050893e+04
4.803760435541587492e-02 1.333610601005689387e+04
4.931762142103366525e-02 1.304389632664910459e+04
5.063174600950279269e-02 1.276888439182277762e+04
5.198088695488976840e-02 1.251031955070203185e+04
5.336597730818726931e-02 1.226702228544494392e+04
5.478797498260196130e-02 1.203737623774890744e+04
5.624786341603645046e-02 1.181935288668039175e+04
5.774665225122429385e-02 1.161049860752306813e+04
5.928537803398763878e-02 1.140799179954431202e+04
6.086510493010119371e-02 1.120867937436925422e+04
6.248692546125688557e-02 1.100916300774468982e+04
6.415196126064055815e-02 1.080591372444527769e+04
6.586136384864074711e-02 1.059539667671945972e+04
6.761631542922719174e-02 1.037422522179997031e+04
6.941802970755066304e-02 1.013936280589531088e+04
7.126775272932779626e-02 9.888310589757722482e+03
7.316676374259212245e-02 9.619303848389721679e+03
7.511637608240880060e-02 9.331493307352558986e+03
7.711793807916160481e-02 9.025119922267009315e+03
7.917283399104432795e-02 8.701594656032986677e+03
8.128248496139799106e-02 8.363532690397430997e+03
8.344835000155755023e-02 8.014713843153771450e+03
8.567192699988881999e-02 7.659922998250049204e+03
8.795475375771118209e-02 7.304718619185810894e+03
9.029840905282350561e-02 6.955119751522131082e+03
9.270451373137039708e-02 6.617237048817033610e+03
9.517473182880105409e-02 6.296862541762062392e+03
9.771077172069729533e-02 5.999077579630896253e+03
1.003143873042684348e-01 5.727892080300567613e+03
1.029873792113259467e-01 5.485917665201334785e+03
1.057315960535816640e-01 5.274146934418275123e+03
1.085489357011268224e-01 5.091786738770736520e+03
1.114413465949774529e-01 4.936214303179741364e+03
1.144108290945958367e-01 4.803026296396997168e+03
1.174594368613164769e-01 4.686244216254875937e+03
1.205892782786349982e-01 4.578694681540046986e+03
1.238025179103443701e-01 4.472576299277034195e+03
1.271013779975216362e-01 4.360235767281901644e+03
1.304881399954068155e-01 4.235086738096239969e+03
1.339651461512315900e-01 4.092545203358282834e+03
1.375348011240909163e-01 3.930823072030728781e+03
1.411995736479800811e-01 3.751364745223504997e+03
1.449619982391432693e-01 3.558786320761550087e+03
1.488246769489161847e-01 3.360243825664961150e+03
1.527902811632780022e-01 3.164324018743268425e+03
1.568615534503500775e-01 2.979648876172357632e+03
1.610413094571278847e-01 2.813471789626763893e+03
1.653324398567506126e-01 2.670524180279130633e+03
1.697379123476578655e-01 2.552264674341628506e+03
1.742607737060187512e-01 2.456643401536704459e+03
1.789041518928481955e-01 2.378385917444829829e+03
1.836712582172689290e-01 2.309846271387392335e+03
1.885653895574195549e-01 2.242403864990924831e+03
1.935899306405381159e-01 2.168276361359407474e+03
1.987483563838010059e-01 2.082388384025293362e+03
2.040442342975398171e-01 1.983713975254739807e+03
2.094812269524893578e-01 1.875548867474974713e+03
2.150630945127835203e-01 1.764479264196328586e+03
2.207936973364424404e-01 1.658324677463898070e+03
2.266769986451521446e-01 1.563757816002533900e+03
2.327170672651874272e-01 1.484379779846263773e+03
2.389180804413659487e-01 1.419803387731212524e+03
2.452843267259834925e-01 1.365946596976369165e+03
2.518202089447322822e-01 1.316485005118679737e+03
2.585302472416432518e-01 1.265113377055798992e+03
2.654190822051707976e-01 1.207900500417465537e+03
2.724914780775714029e-01 1.144741960062843191e+03
2.797523260497993269e-01 1.079118182265874339e+03
2.872066476442034499e-01 1.016206410306972657e+03
2.948595981873550764e-01 9.603152605066001115e+02
3.027164703754134933e-01 9.129379046510553053e+02
3.107826979344992524e-01 8.723082723496352173e+02
3.190638593785977695e-01 8.345913227585434697e+02
3.275656818675961590e-01 7.960906714084781015e+02
3.362940451681279974e-01 7.552667386501243527e+02
3.452549857199504468e-01 7.133462962829673870e+02
3.544547008106831432e-01 6.731340129787819251e+02
3.638995528617826603e-01 6.369304115275866707e+02
3.735960738287207872e-01 6.050444354042239183e+02
3.835509697184166789e-01 5.758651486941242865e+02
3.937711252270357232e-01 5.472948083339698542e+02
4.042636085013666669e-01 5.183647356739363659e+02
4.150356760270794698e-01 4.897418225089695056e+02
4.260947776472248649e-01 4.628059836318564066e+02
4.374485617144683869e-01 4.382741191526218927e+02
4.491048803806049761e-01 4.156625068430959686e+02
4.610717950270178944e-01 3.939551525383425314e+02
4.733575818398458313e-01 3.726521747705214125e+02
4.859707375336997370e-01 3.520899391902023581e+02
4.989199852278944913e-01 3.328241331107210499e+02
5.122142804792663151e-01 3.149208855654363219e+02
5.258628174757354889e-01 2.979703142362163248e+02
5.398750353949022251e-01 2.816484638543504957e+02
5.542606249320838341e-01 2.660304873532153920e+02
5.690295350022851473e-01 2.513195308328801616e+02
5.841919796207659665e-01 2.374935617035425537e+02
5.997584449669374207e-01 2.243605268279714267e+02
6.157396966364854229e-01 2.118337467251364217e+02
6.321467870867436556e-01 1.999681363740997710e+02
6.489910632804485324e-01 1.887784344401794101e+02
6.662841745331699039e-01 1.781836565961672534e+02
6.840380805698564881e-01 1.681287826263716738e+02
7.022650597960414798e-01 1.586127633812905060e+02
7.209777177894597378e-01 1.496158790591343859e+02
7.401889960179232064e-01 1.411084025353546849e+02
7.599121807894932967e-01 1.330624310726153396e+02
7.801609124411524876e-01 1.254522738554384773e+02
8.009491947723073046e-01 1.182558279276824180e+02
8.222914047296571161e-01 1.114526477535957696e+02
8.442023023501417089e-01 1.050231260284083561e+02
8.666970409688088406e-01 9.894839390468057161e+01
8.897911776987027510e-01 9.321017424299689935e+01
9.135006841899890873e-01 8.779099337129565583e+01
9.378419576757658360e-01 8.267419659138523969e+01
9.628318323122191380e-01 7.784382075645763166e+01
9.884875908209347362e-01 7.328452550791395481e+01
1.014826976441433048e+00 6.898173848999412883e+01
1.041868205202206799e+00 6.492164163422167178e+01
1.069629978518722213e+00 6.109126421755061642e+01
1.098131496127103812e+00 5.747841042162285419e+01
1.127392469362475502e+00 5.407147334154514340e+01
1.157433134791084894e+00 5.085939292677332446e+01
1.188274268205704587e+00 4.783152613467547809e+01
1.219937198993934491e+00 4.497770664612175295e+01
1.252443824889365231e+00 4.228830498487550926e+01
1.285816627115820676e+00 3.975421861705046922e+01
1.320078685935119900e+00 3.736691136178342987e+01
1.355253696609122649e+00 3.511831163438871073e+01
1.391365985787128334e+00 3.300075770137819120e+01
1.428440528329899095e+00 3.100695925310987988e+01
1.466502964582014679e+00 2.912994577643922867e+01
1.505579618104445627e+00 2.736311148387295944e+01
1.545697513879627838e+00 2.570020977571251919e+01
1.586884397001659730e+00 2.413535112178101372e+01
1.629168751864494835e+00 2.266299258323624599e+01
1.672579821861425176e+00 2.127788940804328632e+01
1.717147629609507176e+00 1.997507678518203988e+01
1.762902997712864073e+00 1.874984676512807269e+01
1.809877570079248876e+00 1.759773758938993637e+01
1.858103833804643834e+00 1.651453249063333217e+01
1.907615141640952583e+00 1.549624762092801866e+01
1.958445735062417370e+00 1.453912094537712107e+01
2.010630767946635977e+00 1.363959992110770258e+01
2.064206330886583896e+00 1.279432969556915900e+01
2.119209476150493376e+00 1.200014261040645813e+01
2.175678243306779169e+00 1.125404792247226915e+01
2.233651685531777620e+00 1.055322285762157719e+01
2.293169896618515224e+00 9.895003862988447807e+00
2.354274038705104655e+00 9.276878134914653629e+00
2.417006370742052379e+00 8.696475614461828485e+00
2.481410277718070656e+00 8.151561120717081721e+00
2.547530300664644809e+00 7.640027010077744762e+00
2.615412167460142712e+00 7.159885968029987779e+00
2.685102824454702386e+00 6.709264296075851952e+00
2.756650468937790865e+00 6.286396225468815047e+00
2.830104582470949648e+00 5.889618020565055900e+00
2.905515965108680820e+00 5.517362095675714784e+00
2.982936770531189108e+00 5.168151724159393723e+00
3.062420542113327926e+00 4.840596273593035015e+00
3.144022249954564252e+00 4.533386394160743293e+00
3.227798328895731927e+00 4.245289389053878537e+00
3.313806717548727576e+00 3.975144939341519912e+00
3.402106898366196841e+00 3.721861065527155787e+00
3.492759938778979389e+00 3.484410241922340390e+00
3.585828533429651799e+00 3.261825679881697138e+00
3.681377047531432023e+00 3.053197918847780468e+00
3.779471561382494738e+00 2.857671573625985673e+00
3.880179916066325063e+00 2.674442220898854305e+00
3.983571760369909232e+00 2.502753446650493707e+00
4.089718598952048367e+00 2.341894108616356718e+00
4.198693841795167359e+00 2.191195723267847395e+00
4.310572854974896728e+00 2.050029899852714887e+00
4.425433012782391096e+00 1.917805953544191588e+00
4.543353751235519766e+00 1.793968884534896890e+00
4.664416623015978480e+00 1.677997307197550914e+00
4.788705353870206238e+00 1.569401494321715163e+00
4.916305900513163962e+00 1.467721508850916345e+00
5.047306510075103780e+00 1.372525419355339116e+00
5.181797781132245539e+00 1.283407638846549848e+00
5.319872726363811033e+00 1.199987327011223792e+00
5.461626836878548552e+00 1.121906943091328213e+00
5.607158148255289021e+00 1.048830887919251831e+00
5.756567308343337075e+00 9.804441915934197782e-01
5.909957646869383296e+00 9.164512684377879026e-01
6.067435246899168355e+00 8.565747648207678866e-01
6.229109018203436321e+00 8.005544685471958077e-01
6.395090772578646110e+00 7.481462594452916726e-01
6.565495301174848919e+00 6.991211033526407714e-01
6.740440453883954852e+00 6.532641935635072894e-01
6.920047220843375868e+00 6.103741003640251739e-01
7.104439816111542960e+00 5.702619755098096155e-01
7.293745763572944796e+00 5.327507975255948436e-01
7.488095985132199317e+00 4.976746117381425916e-01
7.687624891258288962e+00 4.648778487235649126e-01
7.892470473941251008e+00 4.342146544653388007e-01
8.102774402126012632e+00 4.055482989504104463e-01
8.318682119689031040e+00 3.787506608937006303e-01
8.540342946025617721e+00 3.537016994256519387e-01
8.767910179317693675e+00 3.302889587058421839e-01
9.001541202553060117e+00 3.084070958841051979e-01
9.241397592369690273e+00 2.879574367148147740e-01
9.487645230800451301e+00 2.688475645444254325e-01
9.740454419995240087e+00 2.509909460808451009e-01
1.000000000000001243e+01 2.343065501855302601e-01
