2.000000000000000164e-05 9.677054414191307785e+01
2.053292293934867079e-05 9.925086995039147553e+01
2.108004622166153997e-05 1.017947675471379796e+02
2.164174823136422499e-05 1.044038698375849350e+02
2.221841743536934489e-05 1.070798392355061281e+02
2.281045265173598253e-05 1.098243896870214797e+02
2.341826332548782379e-05 1.126392880698226691e+02
2.404226981178082551e-05 1.155263225615770892e+02
2.468290366661622239e-05 1.184873680867011672e+02
2.534060794529988060e-05 1.215242776473128856e+02
2.601583750885445392e-05 1.246390571096201398e+02
2.670905933859625645e-05 1.278336087552554545e+02
2.742075285909439367e-05 1.311100805452855127e+02
2.815141026973549081e-05 1.344705243578988245e+02
2.890153688512337463e-05 1.379170980861080409e+02
2.967165148454906857e-05 1.414519705679374795e+02
3.046228667077283101e-05 1.450774508773289142e+02
3.127398923836632909e-05 1.487958116839832883e+02
3.210732055186977298e-05 1.526095147230612667e+02
3.296285693402538792e-05 1.565209383161032974e+02
3.384119006435591312e-05 1.605325902911419860e+02
3.474292738836358603e-05 1.646470681932367768e+02
3.566869253763278855e-05 1.688670076019396333e+02
3.661912576112674869e-05 1.731950584872078025e+02
3.759488436797665649e-05 1.776340174592787946e+02
3.859664318206942711e-05 1.821867453866076403e+02
3.962509500874844169e-05 1.868561121283459556e+02
4.068095111395005992e-05 1.916451966302910535e+02
4.176494171610734517e-05 1.965569619669735744e+02
4.287781649116103482e-05 2.015946055867850077e+02
4.402034509102715370e-05 2.067613284767657547e+02
4.519331767587979581e-05 2.120604442510827425e+02
4.639754546061719499e-05 2.174953431263238031e+02
4.763386127588897632e-05 2.230695448720819911e+02
4.890312014407265133e-05 2.287865147581832161e+02
5.020619987059766586e-05 2.346499738145303695e+02
5.154400165102594121e-05 2.406637039829502953e+02
5.291745069430881334e-05 2.468314966524531542e+02
5.432749686265127281e-05 2.531573005071190039e+02
5.577511532842625955e-05 2.596452289070621191e+02
5.726130724859304942e-05 2.662993603235118485e+02
5.878710045708642726e-05 2.731239195166972991e+02
6.035355017565522014e-05 2.801234016164147533e+02
6.196173974364208644e-05 2.873021706189791757e+02
6.361278136720904016e-05 2.946648114272281873e+02
6.530781688852690481e-05 3.022160841415908408e+02
6.704801857546083006e-05 3.099606966833617321e+02
6.883458993229776704e-05 3.179038480987641151e+02
7.066876653207678036e-05 3.260503246022698818e+02
7.255181687109773191e-05 3.344055302325483581e+02
7.448504324619932169e-05 3.429747215067876596e+02
7.646978265541317797e-05 3.517633722939082759e+02
7.850740772261702001e-05 3.607771216260829306e+02
8.059932764682609834e-05 3.700216949602937575e+02
8.274698917677972222e-05 3.795030190340215768e+02
8.495187761149680086e-05 3.892270774077799729e+02
8.721551782749217352e-05 3.992001513381032964e+02
8.953947533336434176e-05 4.094285645537304390e+02
9.192535735248404149e-05 4.199189260638215728e+02
9.437481393453217441e-05 4.306777365510027380e+02
9.688953909665589314e-05 4.417120008801126687e+02
9.947127199503227467e-05 4.530287139952860116e+02
1.021217981276494540e-04 4.646351344016999860e+02
1.048429505691373569e-04 4.765385275518395360e+02
1.076366112385019626e-04 4.887466449798641293e+02
1.105047122006395661e-04 5.012671089682713159e+02
1.134492370025317535e-04 5.141080010303804784e+02
1.164722220450443985e-04 5.272773341054323737e+02
1.195757579912801953e-04 5.407835711969885324e+02
1.227619912124580995e-04 5.546352361875104862e+02
1.260331252723200283e-04 5.688413547703258928e+02
1.293914224510912207e-04 5.834107198453198180e+02
1.328392053100482524e-04 5.983526528308983643e+02
1.363788582977768600e-04 6.136765922183130897e+02
1.400128293992301907e-04 6.293922032574191689e+02
1.437436318287282487e-04 6.455097084448705118e+02
1.475738457680691779e-04 6.620389718152069918e+02
1.515061201509545433e-04 6.789907085321684690e+02
1.555431744949624634e-04 6.963753887486683425e+02
1.596878007823364007e-04 7.142044126500974244e+02
1.639428653908887607e-04 7.324885161432231371e+02
1.683113110763565499e-04 7.512397353648542548e+02
1.727961590075785244e-04 7.704694682858063288e+02
1.774005108559025044e-04 7.901901481149303663e+02
1.821275509402666066e-04 8.104141101093727002e+02
1.869805484294396949e-04 8.311540174240853958e+02
1.919628596029418087e-04 8.524229803524054887e+02
1.970779301722105610e-04 8.742342059922088993e+02
2.023292976636168795e-04 8.966014993573613765e+02
2.077205938649791619e-04 9.195389281843531535e+02
2.132555473372679876e-04 9.430606460356408434e+02
2.189379859932372467e-04 9.671814799359340213e+02
2.247718397447669614e-04 9.919165120275987420e+02
2.307611432207463606e-04 1.017281336472209659e+03
2.369100385573793828e-04 1.043291373923206720e+03
2.432227782628395597e-04 1.069962978077035359e+03
2.497037281582587236e-04 1.097312504166651252e+03
2.563573703970796784e-04 1.125357272666395147e+03
2.631883065648651021e-04 1.154114332923132906e+03
2.702012608617023262e-04 1.183601554758917246e+03
2.774010833694091774e-04 1.213837073033588240e+03
2.847927534057956159e-04 1.244839609207551348e+03
2.923813829683065673e-04 1.276627863994439394e+03
3.001722202694214348e-04 1.309221618793882726e+03
3.081706533662612935e-04 1.342640519295287731e+03
3.163822138869085989e-04 1.376905549183985613e+03
3.248125808560211659e-04 1.412036492145724878e+03
3.334675846223820236e-04 1.448055740441800708e+03
3.423532108911049739e-04 1.484984748714851776e+03
3.514756048632821468e-04 1.522845030316517978e+03
3.608410754859366033e-04 1.561660296996973102e+03
3.704560998152216992e-04 1.601453211913344830e+03
3.803273274958802607e-04 1.642248036258549746e+03
3.904615853600666665e-04 1.684068813501321756e+03
4.008658821487080630e-04 1.726940435833169659e+03
4.115474133586723864e-04 1.770887407791876058e+03
4.225135662190946263e-04 1.815937089126594174e+03
4.337719248003030735e-04 1.862115105928366120e+03
4.453302752588783739e-04 1.909448123720032299e+03
4.571966112224741009e-04 1.957963852252829156e+03
4.693791393181205910e-04 2.007690422419609149e+03
4.818862848478387305e-04 2.058656812708146845e+03
4.947266976154846051e-04 2.110891469606726332e+03
5.079092579088599234e-04 2.164424845841317619e+03
5.214430826412194036e-04 2.219287151913048547e+03
5.353375316564289383e-04 2.275508235071905801e+03
5.496022142021289624e-04 2.333121219685193410e+03
5.642469955753859302e-04 2.392156852885380886e+03
5.792820039454202449e-04 2.452648746236302941e+03
5.947176373581391715e-04 2.514629524918424522e+03
6.105645709273090820e-04 2.578132771759477237e+03
6.268337642173459068e-04 2.643193053096705626e+03
6.435364688228309253e-04 2.709845952892367677e+03
6.606842361499870760e-04 2.778125997036094304e+03
6.782889254055063290e-04 2.848069518340330887e+03
6.963627117982437850e-04 2.919712959350873007e+03
7.149180949594603676e-04 2.993094385881774087e+03
7.339679075874276041e-04 3.068250140503002967e+03
7.535253243223819994e-04 3.145219347107835802e+03
7.736038708579588653e-04 3.224040969783637138e+03
7.942174332954156629e-04 3.304753307649614726e+03
8.153802677471027986e-04 3.387396907420082698e+03
8.371070101958375757e-04 3.472011496003978664e+03
8.594126866169843424e-04 3.558637556693000988e+03
8.823127233702576875e-04 3.647316604083229777e+03
9.058229578684176423e-04 3.738089649839710091e+03
9.299596495302549443e-04 3.830998638621537339e+03
9.547394910254208659e-04 3.926086587333915304e+03
9.801796198188970216e-04 4.023394147836092543e+03
1.006297630023074039e-03 4.122965515732768836e+03
1.033111584565648677e-03 4.224843692049854326e+03
1.060640027681743246e-03 4.329071208161552022e+03
1.088901997738893216e-03 4.435691594170501048e+03
1.117917040403775984e-03 4.544747919311606893e+03
1.147705222159773383e-03 4.656283414616044865e+03
1.178287144184732814e-03 4.770341909337119432e+03
1.209683956598517005e-03 4.886968739522213582e+03
1.241917373090187801e-03 5.006203477552737240e+03
1.275009685934958047e-03 5.128092402830622632e+03
1.308983781411281059e-03 5.252676537940315939e+03
1.343863155628752986e-03 5.380000119442563118e+03
1.379671930777755934e-03 5.510104256839314985e+03
1.416434871812103247e-03 5.643033185737329404e+03
1.454177403576205081e-03 5.778823965499565929e+03
1.492925628388617598e-03 5.917522426129569794e+03
1.532706344094109108e-03 6.059166390816648345e+03
1.573547062596758733e-03 6.203794468768503066e+03
1.615476028886883792e-03 6.351447676040138504e+03
1.658522240574970049e-03 6.502164349601770482e+03
1.702715467946087956e-03 6.655978299332862662e+03
1.748086274548701956e-03 6.812928644198996153e+03
1.794666038332078930e-03 6.973047935059906195e+03
1.842486973346937071e-03 7.136371795563801243e+03
1.891582152024321676e-03 7.302929811369365780e+03
1.941985528048134537e-03 7.472756063261284908e+03
1.993731959837134141e-03 7.645875483873630401e+03
2.046857234652624171e-03 7.822316655928470027e+03
2.101398093348532878e-03 8.002109174870546667e+03
2.157392255780980761e-03 8.185268718172927947e+03
2.214878446894923830e-03 8.371826282315118078e+03
2.273896423505887120e-03 8.561792470183076148e+03
2.334487001795346964e-03 8.755187146440553988e+03
2.396692085538746839e-03 8.952027716393477021e+03
2.460554695085697980e-03 9.152320131386413777e+03
2.526118997112360067e-03 9.356077958477428183e+03
2.593430335166642137e-03 9.563303567690429190e+03
2.662535261027290656e-03 9.773999569151439573e+03
2.733481566898598222e-03 9.988165986696525579e+03
2.806318318462949508e-03 1.020579827523480708e+04
2.881095888814114506e-03 1.042688472528204147e+04
2.957865993294721274e-03 1.065141654011858554e+04
3.036681725262026493e-03 1.087937427463931272e+04
3.117597592806678475e-03 1.111073651200394852e+04
3.200669556449919732e-03 1.134547688611908052e+04
3.285955067845274663e-03 1.158356228353561164e+04
3.373513109511463558e-03 1.182496015342893406e+04
3.463404235624070390e-03 1.206962171827529892e+04
3.555690613894138020e-03 1.231750391617303103e+04
3.650436068562686303e-03 1.256854720367738992e+04
3.747706124540828125e-03 1.282269492771424120e+04
3.847568052726093885e-03 1.307987908114612947e+04
3.950090916526232364e-03 1.334002157543132671e+04
4.055345619622715246e-03 1.360304410485112930e+04
4.163404955006919789e-03 1.386885027707730296e+04
4.274343655322976332e-03 1.413735195496533561e+04
4.388238444552026302e-03 1.440843698589508676e+04
4.505168091073701898e-03 1.468199064485845884e+04
4.625213462141444451e-03 1.495789973333023227e+04
4.748457579809417690e-03 1.523602451969893809e+04
4.874985678349638696e-03 1.551622887246042956e+04
5.004885263199077700e-03 1.579836333490964171e+04
5.138246171477423366e-03 1.608226731025966728e+04
5.275160634117464359e-03 1.636777453863998380e+04
5.415723339650973037e-03 1.665470733650275361e+04
5.560031499694273807e-03 1.694287834439983999e+04
5.708184916178688298e-03 1.723207959968438809e+04
5.860286050372469357e-03 1.752210400172459413e+04
6.016440093741894958e-03 1.781273048097122228e+04
6.176755040700501916e-03 1.810371625769411548e+04
6.341341763296843605e-03 1.839482599199602919e+04
6.510314087892370150e-03 1.868578219502128559e+04
6.683788873882504956e-03 1.897632043767833238e+04
6.861886094515275147e-03 1.926615232526828186e+04
7.044728919863518790e-03 1.955497632756012899e+04
7.232443802007926074e-03 1.984248516891315376e+04
7.425160562489934064e-03 2.012834540040047068e+04
7.623012482094832995e-03 2.041222133136172124e+04
7.826136393027312982e-03 2.069375507528284652e+04
8.034672773543092075e-03 2.097258042868746634e+04
8.248765845102158309e-03 2.124830520815006821e+04
8.468563672110698826e-03 2.152053001608085833e+04
8.694218264320829198e-03 2.178884599055406215e+04
8.925885681958860632e-03 2.205280880798998260e+04
9.163726143654848943e-03 2.231197857572482462e+04
9.407904137247988935e-03 2.256589550183704341e+04
9.658588533544619145e-03 2.281408195511014128e+04
9.915952703107416485e-03 2.305604677307380553e+04
1.018017463615653907e-02 2.329127970273528626e+04
1.045143706566570643e-02 2.351926579198227046e+04
1.072992759373830873e-02 2.373945915458054878e+04
1.101583882135098204e-02 2.395132301696516879e+04
1.130936848155426021e-02 2.415428371723166856e+04
1.161071957622261674e-02 2.434776376401930611e+04
1.192010051644829330e-02 2.453118406819135271e+04
1.223772526667615650e-02 2.470395129503466887e+04
1.256381349267908509e-02 2.486545262662886307e+04
1.289859071347643910e-02 2.501507353386801333e+04
1.324228845730049571e-02 2.515220079307853302e+04
1.359514442171887508e-02 2.527619460591359530e+04
1.395740263802348023e-02 2.538644822115166608e+04
1.432931363999990181e-02 2.548232528265708243e+04
1.471113463719377588e-02 2.556321241954970537e+04
1.510312969279414483e-02 2.562848421622447859e+04
1.550556990625654927e-02 2.567754477105646947e+04
1.591873360079247915e-02 2.570979504977175020e+04
1.634290651585460288e-02 2.572466391169082635e+04
1.677838200475109329e-02 2.572161117809246571e+04
1.722546123752543776e-02 2.570009913857461288e+04
1.768445340924235457e-02 2.565964597598851833e+04
1.815567595382375915e-02 2.559979409923601270e+04
1.863945476358245049e-02 2.552013654667359515e+04
1.913612441460569788e-02 2.542033171702112304e+04
1.964602839814436064e-02 2.530006734835493626e+04
2.016951935816769029e-02 2.515912425298519520e+04
2.070695933524792365e-02 2.499732311075654798e+04
2.125872001694361496e-02 2.481460333252963756e+04
2.182518299485459654e-02 2.461097599966757844e+04
2.240674002852662688e-02 2.438652555497343201e+04
2.300379331638782374e-02 2.414147659439132258e+04
2.361675577390476288e-02 2.387614859529132082e+04
2.424605131915019349e-02 2.359095708473161721e+04
2.489211516598021159e-02 2.328647085438023350e+04
2.555539412502320223e-02 2.296337624847353072e+04
2.623634691268926164e-02 2.262247904828356332e+04
2.693544446841332832e-02 2.226473820048626294e+04
2.765317028035181590e-02 2.189123281506072817e+04
2.839002071975754368e-02 2.150319770316397626e+04
2.914650538426468568e-02 2.110198995841754004e+04
2.992314745032087497e-02 2.068909957107040100e+04
3.072048403501030991e-02 2.026612749458797043e+04
3.153906656751789828e-02 1.983481078577867811e+04
3.237946117049161909e-02 1.939698172058716227e+04
3.324224905156685644e-02 1.895454810647376871e+04
3.412802690532293348e-02 1.850951303245915187e+04
3.503740732595069657e-02 1.806390823212662144e+04
3.597101923091578640e-02 1.761980879089133305e+04
3.692950829591114953e-02 1.717928981095185372e+04
3.791353740139905698e-02 1.674440365680460673e+04
3.892378709105202839e-02 1.631715000184911332e+04
3.996095604240926247e-02 1.589943958202402246e+04
4.102576155007445907e-02 1.549306768426923736e+04
4.211894002178863394e-02 1.509968726698832870e+04
4.324124748772173454e-02 1.472074715920663039e+04
4.439346012333469232e-02 1.435749202552070346e+04
4.557637478617397597e-02 1.401090239870829464e+04
4.679080956696920340e-02 1.368166708044998268e+04
4.803760435541587492e-02 1.337014812222332330e+04
4.931762142103366525e-02 1.307636521425848332e+04
5.063174600950279269e-02 1.279994574943383122e+04
5.198088695488976840e-02 1.254010894024854133e+04
5.336597730818726931e-02 1.229566692281730138e+04
5.478797498260196130e-02 1.206497476113021003e+04
5.624786341603645046e-02 1.184597605243979524e+04
5.774665225122429385e-02 1.163620284979406279e+04
5.928537803398763878e-02 1.143279303731828259e+04
6.086510493010119371e-02 1.123257908574729117e+04
6.248692546125688557e-02 1.103213475597042088e+04
6.415196126064055815e-02 1.082790340649707105e+04
6.586136384864074711e-02 1.061633088141572080e+04
6.761631542922719174e-02 1.039402149236324476e+04
6.941802970755066304e-02 1.015792345051596203e+04
7.126775272932779626e-02 9.905539106135902330e+03
7.316676374259212245e-02 9.635104106586026319e+03
7.511637608240880060e-02 9.345790346475991100e+03
7.711793807916160481e-02 9.037858001839187637e+03
7.917283399104432795e-02 8.712749348509716583e+03
8.128248496139799106e-02 8.373116639037663845e+03
8.344835000155755023e-02 8.022777544226432838e+03
8.567192699988881999e-02 7.666559417704314001e+03
8.795475375771118209e-02 7.310060456094750407e+03
9.029840905282350561e-02 6.959333749094465020e+03
9.270451373137039708e-02 6.620511654188347165e+03
9.517473182880105409e-02 6.299406290733726564e+03
9.771077172069729533e-02 6.001101053700668672e+03
1.003143873042684348e-01 5.729597057910385956e+03
1.029873792113259467e-01 5.487486835862349835e+03
1.057315960535816640e-01 5.275728406993212047e+03
1.085489357011268224e-01 5.093490971103915399e+03
1.114413465949774529e-01 4.938103288804764816e+03
1.144108290945958367e-01 4.805107955090696123e+03
1.174594368613164769e-01 4.688476610835717111e+03
1.205892782786349982e-01 4.580983203484523983e+03
1.238025179103443701e-01 4.474786953167482352e+03
1.271013779975216362e-01 4.362210796848980863e+03
1.304881399954068155e-01 4.236667053467863298e+03
1.339651461512315900e-01 4.093594560558579360e+03
1.375348011240909163e-01 3.931251217683291998e+03
1.411995736479800811e-01 3.751148373404399536e+03
1.449619982391432693e-01 3.557973812793938123e+03
1.488246769489161847e-01 3.358950504343420562e+03
1.527902811632780022e-01 3.162717490557588917e+03
1.568615534503500775e-01 2.977916632191841927e+03
1.610413094571278847e-01 2.811794432064776629e+03
1.653324398567506126e-01 2.669046749062334584e+03
1.697379123476578655e-01 2.551074048219620181e+03
1.742607737060187512e-01 2.455757148454261369e+03
1.789041518928481955e-01 2.377748209186288932e+03
1.836712582172689290e-01 2.309342026831157455e+03
1.885653895574195549e-01 2.241881783020122839e+03
1.935899306405381159e-01 2.167588981766708002e+03
1.987483563838010059e-01 2.081428311306729938e+03
2.040442342975398171e-01 1.982446221516529022e+03
2.094812269524893578e-01 1.874022056638215872e+03
2.150630945127835203e-01 1.762809798832453907e+03
2.207936973364424404e-01 1.656658051059492209e+03
2.266769986451521446e-01 1.562223872572193159e+03
2.327170672651874272e-01 1.483056138700055499e+03
2.389180804413659487e-01 1.418694907379049027e+03
2.452843267259834925e-01 1.364989289391568718e+03
2.518202089447322822e-01 1.315571633090687101e+03
2.585302472416432518e-01 1.264136353310507502e+03
2.654190822051707976e-01 1.206796592381054097e+03
2.724914780775714029e-01 1.143517649882196565e+03
2.797523260497993269e-01 1.077841171466780452e+03
2.872066476442034499e-01 1.014969838169193622e+03
2.948595981873550764e-01 9.591913574384934691e+02
3.027164703754134933e-01 9.119455960019254235e+02
3.107826979344992524e-01 8.714116249307780890e+02
3.190638593785977695e-01 8.337229394318167124e+02
3.275656818675961590e-01 7.951934273412902030e+02
3.362940451681279974e-01 7.543269570059693478e+02
3.452549857199504468e-01 7.123954834158532776e+02
3.544547008106831432e-01 6.722234716131716823e+02
3.638995528617826603e-01 6.360930066010632800e+02
3.735960738287207872e-01 6.042758849317715431e+02
3.835509697184166789e-01 5.751327925992316068e+02
3.937711252270357232e-01 5.465667117252858134e+02
4.042636085013666669e-01 5.176338684814000999e+02
4.150356760270794698e-01 4.890273700775204588e+02
4.260947776472248649e-01 4.621307698216286326e+02
4.374485617144683869e-01 4.376437310259818219e+02
4.491048803806049761e-01 4.150633133898239748e+02
4.610717950270178944e-01 3.933713461313232642e+02
4.733575818398458313e-01 3.720810607467502109e+02
4.859707375336997370e-01 3.515410601033668172e+02
4.989199852278944913e-01 3.323050165766613304e+02
5.122142804792663151e-01 3.144286640429001523e+02
5.258628174757354889e-01 2.974970318352944219e+02
5.398750353949022251e-01 2.811914763181667354e+02
5.542606249320838341e-01 2.655930614989451897e+02
5.690295350022851473e-01 2.509041391117341675e+02
5.841919796207659665e-01 2.370978066137369922e+02
5.997584449669374207e-01 2.239814449117364177e+02
6.157396966364854229e-01 2.114710586371042780e+02
6.321467870867436556e-01 1.996228802983007995e+02
6.489910632804485324e-01 1.884498935168520006e+02
6.662841745331699039e-01 1.778703959309599725e+02
6.840380805698564881e-01 1.678299990152249279e+02
7.022650597960414798e-01 1.583280772379782206e+02
7.209777177894597378e-01 1.493449366734085970e+02
7.401889960179232064e-01 1.408507360772905770e+02
7.599121807894932967e-01 1.328174856338372081e+02
7.801609124411524876e-01 1.252194464996545378e+02
8.009491947723073046e-01 1.180345497458128818e+02
8.222914047296571161e-01 1.112423962484718061e+02
8.442023023501417089e-01 1.048234190923791544e+02
8.666970409688088406e-01 9.875877886916622117e+01
8.897911776987027510e-01 9.303021078375240904e+01
9.135006841899890873e-01 8.762025185491030754e+01
9.378419576757658360e-01 8.251225877527578234e+01
9.628318323122191380e-01 7.769027970802815730e+01
9.884875908209347362e-01 7.313898651128988604e+01
1.014826976441433048e+00 6.884381966456935231e+01
1.041868205202206799e+00 6.479097446041062369e+01
1.069629978518722213e+00 6.096749737396870472e+01
1.098131496127103812e+00 5.736121135956461359e+01
1.127392469362475502e+00 5.396052689708575656e+01
1.157433134791084894e+00 5.075439951049418141e+01
1.188274268205704587e+00 4.773219676068752193e+01
1.219937198993934491e+00 4.488376132777425198e+01
1.252443824889365231e+00 4.219947309775238864e+01
1.285816627115820676e+00 3.967023971162838336e+01
1.320078685935119900e+00 3.728753726868969665e+01
1.355253696609122649e+00 3.504330634339557093e+01
1.391365985787128334e+00 3.292989674675612122e+01
1.428440528329899095e+00 3.094002891661960675e+01
1.466502964582014679e+00 2.906674251944746956e+01
1.505579618104445627e+00 2.730344159594702091e+01
1.545697513879627838e+00 2.564388892824340971e+01
1.586884397001659730e+00 2.408220353530678537e+01
1.629168751864494835e+00 2.261284979778037751e+01
1.672579821861425176e+00 2.123059008223550492e+01
1.717147629609507176e+00 1.993046665023820196e+01
1.762902997712864073e+00 1.870777950629991437e+01
1.809877570079248876e+00 1.755807552639804925e+01
1.858103833804643834e+00 1.647714599935257951e+01
1.907615141640952583e+00 1.546101443411042986e+01
1.958445735062417370e+00 1.450592448098374021e+01
2.010630767946635977e+00 1.360832841813605754e+01
2.064206330886583896e+00 1.276487619333528833e+01
2.119209476150493376e+00 1.197240510509883471e+01
2.175678243306779169e+00 1.122793031521531759e+01
2.233651685531777620e+00 1.052863492850945271e+01
2.293169896618515224e+00 9.871860826477478312e+00
2.354274038705104655e+00 9.255099934604498202e+00
2.417006370742052379e+00 8.675985723911184166e+00
2.481410277718070656e+00 8.132286329130437252e+00
2.547530300664644809e+00 7.621897409598930473e+00
2.615412167460142712e+00 7.142835234630753760e+00
2.685102824454702386e+00 6.693230106605187579e+00
2.756650468937790865e+00 6.271320042083084800e+00
2.830104582470949648e+00 5.875444819833558263e+00
2.905515965108680820e+00 5.504039959578047814e+00
2.982936770531189108e+00 5.155631492309815656e+00
3.062420542113327926e+00 4.828831410543362068e+00
3.144022249954564252e+00 4.522332871813118160e+00
3.227798328895731927e+00 4.234905590140449760e+00
3.313806717548727576e+00 3.965391552045999468e+00
3.402106898366196841e+00 3.712700967249418671e+00
3.492759938778979389e+00 3.475808396166943481e+00
3.585828533429651799e+00 3.253749076026084541e+00
3.681377047531432023e+00 3.045615473052128319e+00
3.779471561382494738e+00 2.850554014833068806e+00
3.880179916066325063e+00 2.667761965037245275e+00
3.983571760369909232e+00 2.496484442543589477e+00
4.089718598952048367e+00 2.336011751570959305e+00
4.198693841795167359e+00 2.185676785898835739e+00
4.310572854974896728e+00 2.044852491752789714e+00
4.425433012782391096e+00 1.912949498729756170e+00
4.543353751235519766e+00 1.789414045650191243e+00
4.664416623015978480e+00 1.673725906702317356e+00
4.788705353870206238e+00 1.565396399524562776e+00
4.916305900513163962e+00 1.463966530460216298e+00
5.047306510075103780e+00 1.369005267976221907e+00
5.181797781132245539e+00 1.280107889788102637e+00
5.319872726363811033e+00 1.196894435267333190e+00
5.461626836878548552e+00 1.119008224332970425e+00
5.607158148255289021e+00 1.046114459330872881e+00
5.756567308343337075e+00 9.778989101273907192e-01
5.909957646869383296e+00 9.140666435063589113e-01
6.067435246899168355e+00 8.543409087645315036e-01
6.229109018203436321e+00 7.984620662125107016e-01
6.395090772578646110e+00 7.461865411266157544e-01
6.565495301174848919e+00 6.972858237890643407e-01
6.740440453883954852e+00 6.515456040317694208e-01
6.920047220843375868e+00 6.087649201551642575e-01
7.104439816111542960e+00 5.687553635853976886e-01
7.293745763572944796e+00 5.313403245290807542e-01
7.488095985132199317e+00 4.963542365162014192e-01
7.687624891258288962e+00 4.636418968454552592e-01
7.892470473941251008e+00 4.330578098440143187e-01
8.102774402126012632e+00 4.044655946552726533e-01
8.318682119689031040e+00 3.777374546231184738e-01
8.540342946025617721e+00 3.527536484743283851e-01
8.767910179317693675e+00 3.294019796545275547e-01
9.001541202553060117e+00 3.075773377697837430e-01
9.241397592369690273e+00 2.871812704406056516e-01
9.487645230800451301e+00 2.681215745130468564e-01
9.740454419995240087e+00 2.503119305847725240e-01
1.000000000000001243e+01 2.336715123569146069e-01
