2.000000000000000164e-05 9.829953319822224955e+01
2.053292293934867079e-05 1.008190424756135428e+02
2.108004622166153997e-05 1.034031364890523577e+02
2.164174823136422499e-05 1.060534787912461638e+02
2.221841743536934489e-05 1.087717364718233881e+02
2.281045265173598253e-05 1.115596531618398615e+02
2.341826332548782379e-05 1.144190163651520606e+02
2.404226981178082551e-05 1.173516969321125316e+02
2.468290366661622239e-05 1.203595015166590088e+02
2.534060794529988060e-05 1.234443939044318199e+02
2.601583750885445392e-05 1.266083632818971836e+02
2.670905933859625645e-05 1.298534322369249878e+02
2.742075285909439367e-05 1.331816738321248295e+02
2.815141026973549081e-05 1.365952025401893479e+02
2.890153688512337463e-05 1.400962306856610269e+02
2.967165148454906857e-05 1.436869533648814752e+02
3.046228667077283101e-05 1.473697088179442005e+02
3.127398923836632909e-05 1.511468628528098179e+02
3.210732055186977298e-05 1.550208216917619097e+02
3.296285693402538792e-05 1.589940427600072894e+02
3.384119006435591312e-05 1.630691270064229457e+02
3.474292738836358603e-05 1.672485788444012940e+02
3.566869253763278855e-05 1.715351863309883242e+02
3.661912576112674869e-05 1.759316555056351774e+02
3.759488436797665649e-05 1.804407481232739769e+02
3.859664318206942711e-05 1.850654208234927012e+02
3.962509500874844169e-05 1.898085789778175467e+02
4.068095111395005992e-05 1.946733326849662831e+02
4.176494171610734517e-05 1.996627131308913476e+02
4.287781649116103482e-05 2.047799325716353565e+02
4.402034509102715370e-05 2.100283074581483334e+02
4.519331767587979581e-05 2.154111716241528427e+02
4.639754546061719499e-05 2.209319649135486259e+02
4.763386127588897632e-05 2.265942257844095309e+02
4.890312014407265133e-05 2.324015726276943212e+02
5.020619987059766586e-05 2.383576974704455438e+02
5.154400165102594121e-05 2.444664541993658986e+02
5.291745069430881334e-05 2.507317553559978478e+02
5.432749686265127281e-05 2.571575238979841060e+02
5.577511532842625955e-05 2.637479457293881069e+02
5.726130724859304942e-05 2.705072591493105278e+02
5.878710045708642726e-05 2.774397249469338931e+02
6.035355017565522014e-05 2.845498167423594964e+02
6.196173974364208644e-05 2.918419955684366300e+02
6.361278136720904016e-05 2.993210080599188245e+02
6.530781688852690481e-05 3.069915951552840170e+02
6.704801857546083006e-05 3.148586666247076664e+02
6.883458993229776704e-05 3.229273122963382434e+02
7.066876653207678036e-05 3.312025909383881412e+02
7.255181687109773191e-05 3.396898343262321873e+02
7.448504324619932169e-05 3.483945442470638909e+02
7.646978265541317797e-05 3.573221078693113668e+02
7.850740772261702001e-05 3.664782772709615415e+02
8.059932764682609834e-05 3.758690192898450846e+02
8.274698917677972222e-05 3.855002140572625535e+02
8.495187761149680086e-05 3.953780396359990732e+02
8.721551782749217352e-05 4.055087753235277432e+02
8.953947533336434176e-05 4.158989380704434211e+02
9.192535735248404149e-05 4.265550740624042874e+02
9.437481393453217441e-05 4.374839973308913841e+02
9.688953909665589314e-05 4.486927975467887109e+02
9.947127199503227467e-05 4.601883953058210750e+02
1.021217981276494540e-04 4.719783477465901456e+02
1.048429505691373569e-04 4.840700001209390848e+02
1.076366112385019626e-04 4.964711766030396802e+02
1.105047122006395661e-04 5.091895991731756226e+02
1.134492370025317535e-04 5.222335091597578867e+02
1.164722220450443985e-04 5.356112139301658317e+02
1.195757579912801953e-04 5.493311095264124333e+02
1.227619912124580995e-04 5.634019385885402471e+02
1.260331252723200283e-04 5.778327294623416037e+02
1.293914224510912207e-04 5.926325528329791723e+02
1.328392053100482524e-04 6.078108935028701580e+02
1.363788582977768600e-04 6.233772343673908836e+02
1.400128293992301907e-04 6.393417204280965507e+02
1.437436318287282487e-04 6.557141251201913974e+02
1.475738457680691779e-04 6.725051134957577688e+02
1.515061201509545433e-04 6.897250418774705167e+02
1.555431744949624634e-04 7.073850466908144199e+02
1.596878007823364007e-04 7.254961937504483558e+02
1.639428653908887607e-04 7.440698529704345674e+02
1.683113110763565499e-04 7.631179472900513474e+02
1.727961590075785244e-04 7.826524028485490589e+02
1.774005108559025044e-04 8.026851838111319921e+02
1.821275509402666066e-04 8.232295844866889638e+02
1.869805484294396949e-04 8.442979634349558182e+02
1.919628596029418087e-04 8.659038722324193031e+02
1.970779301722105610e-04 8.880607598373632072e+02
2.023292976636168795e-04 9.107826431641684621e+02
2.077205938649791619e-04 9.340836901352965924e+02
2.132555473372679876e-04 9.579783860873701542e+02
2.189379859932372467e-04 9.824818341458105806e+02
2.247718397447669614e-04 1.007609144801479147e+03
2.307611432207463606e-04 1.033376240396287585e+03
2.369100385573793828e-04 1.059798856804416801e+03
2.432227782628395597e-04 1.086893699889724303e+03
2.497037281582587236e-04 1.114677728894539314e+03
2.563573703970796784e-04 1.143167618482933904e+03
2.631883065648651021e-04 1.172381462052375355e+03
2.702012608617023262e-04 1.202337193764848735e+03
2.774010833694091774e-04 1.233053171078643800e+03
2.847927534057956159e-04 1.264548544564754138e+03
2.923813829683065673e-04 1.296842312398358672e+03
3.001722202694214348e-04 1.329954490311174141e+03
3.081706533662612935e-04 1.363905174349024264e+03
3.163822138869085989e-04 1.398715442930647441e+03
3.248125808560211659e-04 1.434406079139229860e+03
3.334675846223820236e-04 1.470998894694401315e+03
3.423532108911049739e-04 1.508516363946219371e+03
3.514756048632821468e-04 1.546980480386821455e+03
3.608410754859366033e-04 1.586414857098751099e+03
3.704560998152216992e-04 1.626843280259511630e+03
3.803273274958802607e-04 1.668289227671971503e+03
3.904615853600666665e-04 1.710777912615387550e+03
4.008658821487080630e-04 1.754334929177149888e+03
4.115474133586723864e-04 1.798985238501732965e+03
4.225135662190946263e-04 1.844755744317212248e+03
4.337719248003030735e-04 1.891673098255205559e+03
4.453302752588783739e-04 1.939764779728200665e+03
4.571966112224741009e-04 1.989058614738612278e+03
4.693791393181205910e-04 2.039583385450395554e+03
4.818862848478387305e-04 2.091368245610074609e+03
4.947266976154846051e-04 2.144442565430156264e+03
5.079092579088599234e-04 2.198837254338929597e+03
5.214430826412194036e-04 2.254582438925400766e+03
5.353375316564289383e-04 2.311710085033066207e+03
5.496022142021289624e-04 2.370252539000060096e+03
5.642469955753859302e-04 2.430241430012558794e+03
5.792820039454202449e-04 2.491710856876632533e+03
5.947176373581391715e-04 2.554694120471378483e+03
6.105645709273090820e-04 2.619225946189538718e+03
6.268337642173459068e-04 2.685341360814368272e+03
6.435364688228309253e-04 2.753076543911985937e+03
6.606842361499870760e-04 2.822466372786705961e+03
6.782889254055063290e-04 2.893548215488595361e+03
6.963627117982437850e-04 2.966359479586063571e+03
7.149180949594603676e-04 3.040938058371034003e+03
7.339679075874276041e-04 3.117322335961323915e+03
7.535253243223819994e-04 3.195550580886346324e+03
7.736038708579588653e-04 3.275663751880719246e+03
7.942174332954156629e-04 3.357700975481433488e+03
8.153802677471027986e-04 3.441702451117700093e+03
8.371070101958375757e-04 3.527709634315229778e+03
8.594126866169843424e-04 3.615763954247795482e+03
8.823127233702576875e-04 3.705907022922694978e+03
9.058229578684176423e-04 3.798181259980706727e+03
9.299596495302549443e-04 3.892629894065290955e+03
9.547394910254208659e-04 3.989294194658296874e+03
9.801796198188970216e-04 4.088220131872928505e+03
1.006297630023074039e-03 4.189447765533838719e+03
1.033111584565648677e-03 4.293024356798563531e+03
1.060640027681743246e-03 4.398991137351167708e+03
1.088901997738893216e-03 4.507394207388770155e+03
1.117917040403775984e-03 4.618276492186087125e+03
1.147705222159773383e-03 4.731682721874100935e+03
1.178287144184732814e-03 4.847656052094072948e+03
1.209683956598517005e-03 4.966242650863230665e+03
1.241917373090187801e-03 5.087484845321019748e+03
1.275009685934958047e-03 5.211427297090646789e+03
1.308983781411281059e-03 5.338112429490340219e+03
1.343863155628752986e-03 5.467584096716380373e+03
1.379671930777755934e-03 5.599884407140163603e+03
1.416434871812103247e-03 5.735057799547656032e+03
1.454177403576205081e-03 5.873143669144227715e+03
1.492925628388617598e-03 6.014185148731527079e+03
1.532706344094109108e-03 6.158219738626247818e+03
1.573547062596758733e-03 6.305289635698155507e+03
1.615476028886883792e-03 6.455432754496823691e+03
1.658522240574970049e-03 6.608685409426646402e+03
1.702715467946087956e-03 6.765086468114820491e+03
1.748086274548701956e-03 6.924669226659679225e+03
1.794666038332078930e-03 7.087469839658105229e+03
1.842486973346937071e-03 7.253518767431641209e+03
1.891582152024321676e-03 7.422849529846897894e+03
1.941985528048134537e-03 7.595487956031038266e+03
1.993731959837134141e-03 7.771467427551247056e+03
2.046857234652624171e-03 7.950807555189457162e+03
2.101398093348532878e-03 8.133535751185522713e+03
2.157392255780980761e-03 8.319672443777095395e+03
2.214878446894923830e-03 8.509239880504441317e+03
2.273896423505887120e-03 8.702252425820192002e+03
2.334487001795346964e-03 8.898724687748039287e+03
2.396692085538746839e-03 9.098671885258170732e+03
2.460554695085697980e-03 9.302098110210950836e+03
2.526118997112360067e-03 9.509013691341440790e+03
2.593430335166642137e-03 9.719421146719654644e+03
2.662535261027290656e-03 9.933317469499950676e+03
2.733481566898598222e-03 1.015070309879488559e+04
2.806318318462949508e-03 1.037156735304682297e+04
2.881095888814114506e-03 1.059590109855129231e+04
2.957865993294721274e-03 1.082368756134186879e+04
3.036681725262026493e-03 1.105490726563666612e+04
3.117597592806678475e-03 1.128953666861158672e+04
3.200669556449919732e-03 1.152754489239483701e+04
3.285955067845274663e-03 1.176889673809636952e+04
3.373513109511463558e-03 1.201355801272342796e+04
3.463404235624070390e-03 1.226147784226256408e+04
3.555690613894138020e-03 1.251260825534011383e+04
3.650436068562686303e-03 1.276688751577343282e+04
3.747706124540828125e-03 1.302425579497350554e+04
3.847568052726093885e-03 1.328464014402493922e+04
3.950090916526232364e-03 1.354796243146149027e+04
4.055345619622715246e-03 1.381413718779555529e+04
4.163404955006919789e-03 1.408307291130350131e+04
4.274343655322976332e-03 1.435466383017818589e+04
4.388238444552026302e-03 1.462880527864512987e+04
4.505168091073701898e-03 1.490537366008430217e+04
4.625213462141444451e-03 1.518425124256828713e+04
4.748457579809417690e-03 1.546529637127318711e+04
4.874985678349638696e-03 1.574836648445333958e+04
5.004885263199077700e-03 1.603330921344397393e+04
5.138246171477423366e-03 1.631995929883418103e+04
5.275160634117464359e-03 1.660814773170536137e+04
5.415723339650973037e-03 1.689768377492006402e+04
5.560031499694273807e-03 1.718837979289766736e+04
5.708184916178688298e-03 1.748002843197879702e+04
5.860286050372469357e-03 1.777241071767765243e+04
6.016440093741894958e-03 1.806530389961335459e+04
6.176755040700501916e-03 1.835846027231792323e+04
6.341341763296843605e-03 1.865163133575432221e+04
6.510314087892370150e-03 1.894455051673514026e+04
6.683788873882504956e-03 1.923693558141831818e+04
6.861886094515275147e-03 1.952849962511894773e+04
7.044728919863518790e-03 1.981893990188824318e+04
7.232443802007926074e-03 2.010793181980386362e+04
7.425160562489934064e-03 2.039515070958277283e+04
7.623012482094832995e-03 2.068024511882005754e+04
7.826136393027312982e-03 2.096286272281873971e+04
8.034672773543092075e-03 2.124262638060531390e+04
8.248765845102158309e-03 2.151914530372926311e+04
8.468563672110698826e-03 2.179201538787225945e+04
8.694218264320829198e-03 2.206081644664631312e+04
8.925885681958860632e-03 2.232510935778683051e+04
9.163726143654848943e-03 2.258444664830157853e+04
9.407904137247988935e-03 2.283836472444153696e+04
9.658588533544619145e-03 2.308637894455169226e+04
9.915952703107416485e-03 2.332800392158542672e+04
1.018017463615653907e-02 2.356272170841616389e+04
1.045143706566570643e-02 2.379001993919864253e+04
1.072992759373830873e-02 2.400934061867585478e+04
1.101583882135098204e-02 2.422014838892089028e+04
1.130936848155426021e-02 2.442186981189168000e+04
1.161071957622261674e-02 2.461392903528804527e+04
1.192010051644829330e-02 2.479573510092657307e+04
1.223772526667615650e-02 2.496669702049509215e+04
1.256381349267908509e-02 2.512620871824606729e+04
1.289859071347643910e-02 2.527364721293198454e+04
1.324228845730049571e-02 2.540839823196124780e+04
1.359514442171887508e-02 2.552983083404904392e+04
1.395740263802348023e-02 2.563732438036514213e+04
1.432931363999990181e-02 2.573025476055310719e+04
1.471113463719377588e-02 2.580800689862422951e+04
1.510312969279414483e-02 2.586995555442667319e+04
1.550556990625654927e-02 2.591550934530622908e+04
1.591873360079247915e-02 2.594406812402967989e+04
1.634290651585460288e-02 2.595505940058634587e+04
1.677838200475109329e-02 2.594795419083128945e+04
1.722546123752543776e-02 2.592222435719192799e+04
1.768445340924235457e-02 2.587738002637088721e+04
1.815567595382375915e-02 2.581297393720052060e+04
1.863945476358245049e-02 2.572861142139850563e+04
1.913612441460569788e-02 2.562394685869206660e+04
1.964602839814436064e-02 2.549868341475965644e+04
2.016951935816769029e-02 2.535260768787504276e+04
2.070695933524792365e-02 2.518555008166400876e+04
2.125872001694361496e-02 2.499746599053372120e+04
2.182518299485459654e-02 2.478836279218872733e+04
2.240674002852662688e-02 2.455835400065708382e+04
2.300379331638782374e-02 2.430766048473496630e+04
2.361675577390476288e-02 2.403662164631572887e+04
2.424605131915019349e-02 2.374567472749051376e+04
2.489211516598021159e-02 2.343539303613768425e+04
2.555539412502320223e-02 2.310647980543512313e+04
2.623634691268926164e-02 2.275976312001320184e+04
2.693544446841332832e-02 2.239621342284614366e+04
2.765317028035181590e-02 2.201693423375821658e+04
2.839002071975754368e-02 2.162316902135784767e+04
2.914650538426468568e-02 2.121629967335858964e+04
2.992314745032087497e-02 2.079781809457446798e+04
3.072048403501030991e-02 2.036937483130466717e+04
3.153906656751789828e-02 1.993269368296774701e+04
3.237946117049161909e-02 1.948964040358015336e+04
3.324224905156685644e-02 1.904213483065277615e+04
3.412802690532293348e-02 1.859219552030325576e+04
3.503740732595069657e-02 1.814186851317793844e+04
3.597101923091578640e-02 1.769325050829617248e+04
3.692950829591114953e-02 1.724841139511879373e+04
3.791353740139905698e-02 1.680943100247583789e+04
3.892378709105202839e-02 1.637830467374362706e+04
3.996095604240926247e-02 1.595696165430465044e+04
4.102576155007445907e-02 1.554719286886437658e+04
4.211894002178863394e-02 1.515064994879307233e+04
4.324124748772173454e-02 1.476879205692361575e+04
4.439346012333469232e-02 1.440285038614562836e+04
4.557637478617397597e-02 1.405379934084869274e+04
4.679080956696920340e-02 1.372232368254188987e+04
4.803760435541587492e-02 1.340877506550457292e+04
4.931762142103366525e-02 1.311315351457469114e+04
5.063174600950279269e-02 1.283506947722455880e+04
5.198088695488976840e-02 1.257372877378166777e+04
5.336597730818726931e-02 1.232791572772047584e+04
5.478797498260196130e-02 1.209596808766524555e+04
5.624786341603645046e-02 1.187580097053982172e+04
5.774665225122429385e-02 1.166491113134549960e+04
5.928537803398763878e-02 1.146042674233588696e+04
6.086510493010119371e-02 1.125913589430447792e+04
6.248692546125688557e-02 1.105759251023349316e+04
6.415196126064055815e-02 1.085221996360530829e+04
6.586136384864074711e-02 1.063943696000295859e+04
6.761631542922719174e-02 1.041583349442189501e+04
6.941802970755066304e-02 1.017835298652855818e+04
7.126775272932779626e-02 9.924484196749728653e+03
7.316676374259212245e-02 9.652480392542893242e+03
7.511637608240880060e-02 9.361525534134158079e+03
7.711793807916160481e-02 9.051901227748903693e+03
7.917283399104432795e-02 8.725078852648657630e+03
8.128248496139799106e-02 8.383748354772904349e+03
8.344835000155755023e-02 8.031771554920468589e+03
8.567192699988881999e-02 7.674018579891751870e+03
8.795475375771118209e-02 7.316120716517941219e+03
9.029840905282350561e-02 6.964171365336407689e+03
9.270451373137039708e-02 6.624326732992917641e+03
9.517473182880105409e-02 6.302412637367259777e+03
9.771077172069729533e-02 6.003519876596621543e+03
1.003143873042684348e-01 5.731634496860911895e+03
1.029873792113259467e-01 5.489331587810062956e+03
1.057315960535816640e-01 5.277537524546439272e+03
1.085489357011268224e-01 5.095378677108462398e+03
1.114413465949774529e-01 4.940134311016463471e+03
1.144108290945958367e-01 4.807297114725245592e+03
1.174594368613164769e-01 4.690782693123918762e+03
1.205892782786349982e-01 4.583314976476511220e+03
1.238025179103443701e-01 4.477013210866321970e+03
1.271013779975216362e-01 4.364176773091337054e+03
1.304881399954068155e-01 4.238214742022261817e+03
1.339651461512315900e-01 4.094590751371259103e+03
1.375348011240909163e-01 3.931608958456845357e+03
1.411995736479800811e-01 3.750845519932790012e+03
1.449619982391432693e-01 3.557061804873646906e+03
1.488246769489161847e-01 3.357549570779478927e+03
1.527902811632780022e-01 3.160993944975601607e+03
1.568615534503500775e-01 2.976061065534973295e+03
1.610413094571278847e-01 2.809988984174859070e+03
1.653324398567506126e-01 2.667434927694452654e+03
1.697379123476578655e-01 2.549743590615143603e+03
1.742607737060187512e-01 2.454723278654269052e+03
1.789041518928481955e-01 2.376957640575470123e+03
1.836712582172689290e-01 2.308679552306787627e+03
1.885653895574195549e-01 2.241197444206397904e+03
1.935899306405381159e-01 2.166736140205355696e+03
1.987483563838010059e-01 2.080302680665722619e+03
2.040442342975398171e-01 1.981016299512309160e+03
2.094812269524893578e-01 1.872338354683156922e+03
2.150630945127835203e-01 1.760988634781623887e+03
2.207936973364424404e-01 1.654844827743706674e+03
2.266769986451521446e-01 1.560548246070773530e+03
2.327170672651874272e-01 1.481593041910315378e+03
2.389180804413659487e-01 1.417447680469748320e+03
2.452843267259834925e-01 1.363893420654585043e+03
2.518202089447322822e-01 1.314520550655801571e+03
2.585302472416432518e-01 1.263023480411957280e+03
2.654190822051707976e-01 1.205560957031440012e+03
2.724914780775714029e-01 1.142166921072618152e+03
2.797523260497993269e-01 1.076444071626564892e+03
2.872066476442034499e-01 1.013618994826507446e+03
2.948595981873550764e-01 9.579572363065694844e+02
3.027164703754134933e-01 9.108471687560997907e+02
3.107826979344992524e-01 8.704104949668640074e+02
3.190638593785977695e-01 8.327526789789288841e+02
3.275656818675961590e-01 7.941975247783745999e+02
3.362940451681279974e-01 7.532927451916754080e+02
3.452549857199504468e-01 7.113555127388224264e+02
3.544547008106831432e-01 6.712281220465963543e+02
3.638995528617826603e-01 6.351749203682782081e+02
3.735960738287207872e-01 6.034291534172609772e+02
3.835509697184166789e-01 5.743248020930675466e+02
3.937711252270357232e-01 5.457656373656025153e+02
4.042636085013666669e-01 5.168339608795995446e+02
4.150356760270794698e-01 4.882473201498371509e+02
4.260947776472248649e-01 4.613934531174354561e+02
4.374485617144683869e-01 4.369537367000276049e+02
4.491048803806049761e-01 4.144070160831123530e+02
4.610717950270178944e-01 3.927328393212265496e+02
4.733575818398458313e-01 3.714581986638964963e+02
4.859707375336997370e-01 3.509430842668625132e+02
4.989199852278944913e-01 3.317391042461067059e+02
5.122142804792663151e-01 3.138917981220927800e+02
5.258628174757354889e-01 2.969813922163172606e+02
5.398750353949022251e-01 2.806942848158257107e+02
5.542606249320838341e-01 2.651175482463518733e+02
5.690295350022851473e-01 2.504525226515200416e+02
5.841919796207659665e-01 2.366678058570283838e+02
5.997584449669374207e-01 2.235696371479850768e+02
6.157396966364854229e-01 2.110773865149286905e+02
6.321467870867436556e-01 1.992483316657625210e+02
6.489910632804485324e-01 1.880935188354962975e+02
6.662841745331699039e-01 1.775303045910105766e+02
6.840380805698564881e-01 1.675060956157595342e+02
7.022650597960414798e-01 1.580199829094432573e+02
7.209777177894597378e-01 1.490519054178689373e+02
7.401889960179232064e-01 1.405720799683292057e+02
7.599121807894932967e-01 1.325525744654910625e+02
7.801609124411524876e-01 1.249676996213042059e+02
8.009491947723073046e-01 1.177954090996589116e+02
8.222914047296571161e-01 1.110153136309809128e+02
8.442023023501417089e-01 1.046078577058428039e+02
8.666970409688088406e-01 9.855421581362297445e+01
8.897911776987027510e-01 9.283614299319329177e+01
9.135006841899890873e-01 8.743619680645878134e+01
9.378419576757658360e-01 8.233775364199892977e+01
9.628318323122191380e-01 7.752487933729130987e+01
9.884875908209347362e-01 7.298226214718316385e+01
1.014826976441433048e+00 6.869535879685916768e+01
1.041868205202206799e+00 6.465038065942215439e+01
1.069629978518722213e+00 6.083439030473151377e+01
1.098131496127103812e+00 5.723522570340701066e+01
1.127392469362475502e+00 5.384131196134864439e+01
1.157433134791084894e+00 5.064161887636658577e+01
1.188274268205704587e+00 4.762552862213451732e+01
1.219937198993934491e+00 4.478289891106278020e+01
1.252443824889365231e+00 4.210412401248557046e+01
1.285816627115820676e+00 3.958012530061746759e+01
1.320078685935119900e+00 3.720239127263494794e+01
1.355253696609122649e+00 3.496287401603046163e+01
1.391365985787128334e+00 3.285393453914952033e+01
1.428440528329899095e+00 3.086830406130452431e+01
1.466502964582014679e+00 2.899903293191337283e+01
1.505579618104445627e+00 2.723953563907861408e+01
1.545697513879627838e+00 2.558358502940085799e+01
1.586884397001659730e+00 2.402531016431808553e+01
1.629168751864494835e+00 2.255918539718305382e+01
1.672579821861425176e+00 2.117998253143816356e+01
1.717147629609507176e+00 1.988275270908087222e+01
1.762902997712864073e+00 1.866280355298458460e+01
1.809877570079248876e+00 1.751568859882759099e+01
1.858103833804643834e+00 1.643720568956515748e+01
1.907615141640952583e+00 1.542338488405646402e+01
1.958445735062417370e+00 1.447047722270439962e+01
2.010630767946635977e+00 1.357494254007790779e+01
2.064206330886583896e+00 1.273343782257090240e+01
2.119209476150493376e+00 1.194280676133215024e+01
2.175678243306779169e+00 1.120006962633816983e+01
2.233651685531777620e+00 1.050241418012845429e+01
2.293169896618515224e+00 9.847186876707343828e+00
2.354274038705104655e+00 9.231884337643778693e+00
2.417006370742052379e+00 8.654145235203047903e+00
2.481410277718070656e+00 8.111742692889663431e+00
2.547530300664644809e+00 7.602577010529786072e+00
2.615412167460142712e+00 7.124668522616737221e+00
2.685102824454702386e+00 6.676150929168357173e+00
2.756650468937790865e+00 6.255265499352518077e+00
2.830104582470949648e+00 5.860355180701834144e+00
2.905515965108680820e+00 5.489858835217887645e+00
2.982936770531189108e+00 5.142305942126707663e+00
3.062420542113327926e+00 4.816311716283160571e+00
3.144022249954564252e+00 4.510572292975794539e+00
3.227798328895731927e+00 4.223859935523525344e+00
3.313806717548727576e+00 3.955018916453588051e+00
3.402106898366196841e+00 3.702961643417659765e+00
3.492759938778979389e+00 3.466664802064306272e+00
3.585828533429651799e+00 3.245165739697005947e+00
3.681377047531432023e+00 3.037558951417705266e+00
3.779471561382494738e+00 2.842992784519488225e+00
3.880179916066325063e+00 2.660666333988665144e+00
3.983571760369909232e+00 2.489826496082187646e+00
4.089718598952048367e+00 2.329765252215519666e+00
4.198693841795167359e+00 2.179817068025068583e+00
4.310572854974896728e+00 2.039356332117638892e+00
4.425433012782391096e+00 1.907794978367457261e+00
4.543353751235519766e+00 1.784580480199229102e+00
4.664416623015978480e+00 1.669193786910694310e+00
4.788705353870206238e+00 1.561147356326714197e+00
4.916305900513163962e+00 1.459983297241447708e+00
5.047306510075103780e+00 1.365271615855784271e+00
5.181797781132245539e+00 1.276608564113043798e+00
5.319872726363811033e+00 1.193615083363961826e+00
5.461626836878548552e+00 1.115935335689884900e+00
5.607158148255289021e+00 1.043235319469281608e+00
5.756567308343337075e+00 9.752015587667492991e-01
5.909957646869383296e+00 9.115398440073949615e-01
6.067435246899168355e+00 8.519741094388851854e-01
6.229109018203436321e+00 7.962453587171810510e-01
6.395090772578646110e+00 7.441106183010443020e-01
6.565495301174848919e+00 6.953419341960844768e-01
6.740440453883954852e+00 6.497255188852412155e-01
6.920047220843375868e+00 6.070609042074620598e-01
7.104439816111542960e+00 5.671601513235234870e-01
7.293745763572944796e+00 5.298470997302987540e-01
7.488095985132199317e+00 4.949566052716696252e-01
7.687624891258288962e+00 4.623338612345723186e-01
7.892470473941251008e+00 4.318337391825520788e-01
8.102774402126012632e+00 4.033201992468591901e-01
8.318682119689031040e+00 3.766657661475005248e-01
8.540342946025617721e+00 3.517510018212191003e-01
8.767910179317693675e+00 3.284639978192002707e-01
9.001541202553060117e+00 3.066999162632775278e-01
9.241397592369690273e+00 2.863605606982082552e-01
9.487645230800451301e+00 2.673539687172037937e-01
9.740454419995240087e+00 2.495940494166338508e-01
1.000000000000001243e+01 2.330001912603124337e-01
