2.000000000000000164e-05 4.243838653591637922e+01 3.796438012190378686e+01 3.645181059891986308e+01 3.566704146568098821e+01 3.518685540294003289e+01
2.053292293934867079e-05 4.352677804521761118e+01 3.893844158641513786e+01 3.738748940452599356e+01 3.658319210894205042e+01 3.609155487653212191e+01
2.108004622166153997e-05 4.464224734753258872e+01 3.993623402100865860e+01 3.834536304481237323e+01 3.752000336137522396e+01 3.701486863206446287e+01
2.164174823136422499e-05 4.578647575125785352e+01 4.095980469420851477e+01 3.932797969115198811e+01 3.848106577347304125e+01 3.796241403566212824e+01
2.221841743536934489e-05 4.696017006891509027e+01 4.200989656366573399e+01 4.033649818566723866e+01 3.946825857777790958e+01 3.893683226167801337e+01
2.281045265173598253e-05 4.816274069194150798e+01 4.308421781027732322e+01 4.136636294542464043e+01 4.047430040129710704e+01 3.992790082305752009e+01
2.341826332548782379e-05 4.939752211310917573e+01 4.418955855590070314e+01 4.242897972578398935e+01 4.151604530239182367e+01 4.095831918442976161e+01
2.404226981178082551e-05 5.066435514055569911e+01 4.532320002448273044e+01 4.351741051472799171e+01 4.258058536304511676e+01 4.200786286323515384e+01
2.468290366661622239e-05 5.196273533771318398e+01 4.648459743621742746e+01 4.463277088393775216e+01 4.367256271685315028e+01 4.308597190011156641e+01
2.534060794529988060e-05 5.329439869114537487e+01 4.767576373840938686e+01 4.577637046339076932e+01 4.479144486678099213e+01 4.418973314203079639e+01
2.601583750885445392e-05 5.466084506110746588e+01 4.889843926129401552e+01 4.695053264084586431e+01 4.594025873551647976e+01 4.532227715838477167e+01
2.670905933859625645e-05 5.606135293307033862e+01 5.015065937634631155e+01 4.815219924924652162e+01 4.711576959224960603e+01 4.648285872339814517e+01
2.742075285909439367e-05 5.749925556072469135e+01 5.143773493575736211e+01 4.938859945115836325e+01 4.832582812327169108e+01 4.767630980122824980e+01
2.815141026973549081e-05 5.897254031147099340e+01 5.275466515554853686e+01 5.065183942556358687e+01 4.956044429994258849e+01 4.889246967245465925e+01
2.890153688512337463e-05 6.048408346648216138e+01 5.410729157055811811e+01 5.195115629935116175e+01 5.083216427472506638e+01 5.014685384190912742e+01
2.967165148454906857e-05 6.203538702802006810e+01 5.549576999035025437e+01 5.328477498992772610e+01 5.213730876252156321e+01 5.143439654603086097e+01
3.046228667077283101e-05 6.362503425415184211e+01 5.691700679059636059e+01 5.464888864260349521e+01 5.347240857744053955e+01 5.275311043409116252e+01
3.127398923836632909e-05 6.525472270751947690e+01 5.837473451320761342e+01 5.604868891295305389e+01 5.484235589256209664e+01 5.410533808643716469e+01
3.210732055186977298e-05 6.692726475691188170e+01 5.986975991730105306e+01 5.748237185049825371e+01 5.624293336547754762e+01 5.548432230874217197e+01
3.296285693402538792e-05 6.864259100787307943e+01 6.140417346088383965e+01 5.895606117012144409e+01 5.768594879115727991e+01 5.690964269969117595e+01
3.384119006435591312e-05 7.040190016257042771e+01 6.297784483700638702e+01 6.046641248328947427e+01 5.916238747478018212e+01 5.836408908976833487e+01
3.474292738836358603e-05 7.220676557603383117e+01 6.459236179612844353e+01 6.201651966600365284e+01 6.067919853610115410e+01 5.986048863512405660e+01
3.566869253763278855e-05 7.405739580296767599e+01 6.624806143688488191e+01 6.360683977288316981e+01 6.223595466009857802e+01 6.139653597565726528e+01
3.661912576112674869e-05 7.595445300500500707e+01 6.794402454749047138e+01 6.523466054303146677e+01 6.382905495096261461e+01 6.297002748677186901e+01
3.759488436797665649e-05 7.790214008882685448e+01 6.968662440210323439e+01 6.690788343854212883e+01 6.546637194070170551e+01 6.458559481187209883e+01
3.859664318206942711e-05 7.989951050603735894e+01 7.147386582855915549e+01 6.862385594218569906e+01 6.714444625452718185e+01 6.623884075489088730e+01
3.962509500874844169e-05 8.194732822243054216e+01 7.330543508924847629e+01 7.038243121200592611e+01 6.886583567493894975e+01 6.793878405260086595e+01
4.068095111395005992e-05 8.404586247555357659e+01 7.518036951906651666e+01 7.218038345839127601e+01 7.062289250826323439e+01 6.966999849821392843e+01
4.176494171610734517e-05 8.620210683190975942e+01 7.711024726597088375e+01 7.403360243131524498e+01 7.243576609650213527e+01 7.145722386934114922e+01
4.287781649116103482e-05 8.840892754896685801e+01 7.908202023165813443e+01 7.592464902064723731e+01 7.428390440670833073e+01 7.327783666304701171e+01
4.402034509102715370e-05 9.067651925966629278e+01 8.111255236320175754e+01 7.787659398229455121e+01 7.619605918756859353e+01 7.516597898050774518e+01
4.519331767587979581e-05 9.299952059065276444e+01 8.318746141901783631e+01 7.986473128208065475e+01 7.813696011849665979e+01 7.707654107978062541e+01
4.639754546061719499e-05 9.538425634376608286e+01 8.532253065222221267e+01 8.191792496758654352e+01 8.015106137675198283e+01 7.907104027334814589e+01
4.763386127588897632e-05 9.782852812454507330e+01 8.750704562886994609e+01 8.401239356592667207e+01 8.219612840657644881e+01 8.108219700387417106e+01
4.890312014407265133e-05 1.003349653963527999e+02 8.974810045974663808e+01 8.616383016141297446e+01 8.430225247380499809e+01 8.316306292573669623e+01
5.020619987059766586e-05 1.029076897194295270e+02 9.204957249499557292e+01 8.837291370336666319e+01 8.646258789422971347e+01 8.529278069918655092e+01
5.154400165102594121e-05 1.055433663821077062e+02 9.440463184076179459e+01 9.063168380019607184e+01 8.867078419330633210e+01 8.746987158606255264e+01
5.291745069430881334e-05 1.082509566473368068e+02 9.682818772899736359e+01 9.295953249888042080e+01 9.094861977600277214e+01 8.971630592076205346e+01
5.432749686265127281e-05 1.110234562956065929e+02 9.930617684957951496e+01 9.533738911702431551e+01 9.327512688464895518e+01 9.201297233240136109e+01
5.577511532842625955e-05 1.138707243654630474e+02 1.018539256851727259e+02 9.778432879531766275e+01 9.567025958314842171e+01 9.437649872473168955e+01
5.726130724859304942e-05 1.167867689427384903e+02 1.044596926670874382e+02 1.002837493862868143e+02 9.811306486594729392e+01 9.678278498854099610e+01
5.878710045708642726e-05 1.197821116571162747e+02 1.071392543145429954e+02 1.028562339613927037e+02 1.006307423053597745e+02 9.926949163975466206e+01
6.035355017565522014e-05 1.228514727415881680e+02 1.098827928722107572e+02 1.054870372284191546e+02 1.031990978831314862e+02 1.017935509640907839e+02
6.196173974364208644e-05 1.259988738963693322e+02 1.126963257594047718e+02 1.081875795286911455e+02 1.058421801517791323e+02 1.044031363734635960e+02
6.361278136720904016e-05 1.292314412948621793e+02 1.155889622725999288e+02 1.109649318157183302e+02 1.085590790918498101e+02 1.070821783871651860e+02
6.530781688852690481e-05 1.325433408449202943e+02 1.185500279954385405e+02 1.138071652257045940e+02 1.113408097300634694e+02 1.098288974964331572e+02
6.704801857546083006e-05 1.359368533277529423e+02 1.215816384612662659e+02 1.167136286313840543e+02 1.141798941949703590e+02 1.126248244648547114e+02
6.883458993229776704e-05 1.394232337558969448e+02 1.246996549825666989e+02 1.197071444263565212e+02 1.171101549948586040e+02 1.155181676084854843e+02
7.066876653207678036e-05 1.429950114408143236e+02 1.278912956089880026e+02 1.227664185068866942e+02 1.200961848255519584e+02 1.184541776827391004e+02
7.255181687109773191e-05 1.466587845168055537e+02 1.311665037477223450e+02 1.259107653081870382e+02 1.231751987360924545e+02 1.214970707032771315e+02
7.448504324619932169e-05 1.504145927006288730e+02 1.345217345936544007e+02 1.291279953867433221e+02 1.263187866481105743e+02 1.245938702402781928e+02
7.646978265541317797e-05 1.542710515233557089e+02 1.379692039191650110e+02 1.324344320604328971e+02 1.295495352922383177e+02 1.277757624573084030e+02
7.850740772261702001e-05 1.582282466157244016e+02 1.415093488038746727e+02 1.358347855804701396e+02 1.328804740042020569e+02 1.310684639012906700e+02
8.059932764682609834e-05 1.622816519225943921e+02 1.451315077053823188e+02 1.393089018147474860e+02 1.362758889466931294e+02 1.344136624796277317e+02
8.274698917677972222e-05 1.664389683342778881e+02 1.488446091089736001e+02 1.428674075428140497e+02 1.397504798433025428e+02 1.378330286016571335e+02
8.495187761149680086e-05 1.707049489322434965e+02 1.526585417380101717e+02 1.465278629787674731e+02 1.433317054420088539e+02 1.413669013861799613e+02
8.721551782749217352e-05 1.750799467258684672e+02 1.565673517661753067e+02 1.502758203433768074e+02 1.469954299747465996e+02 1.449805445199162932e+02
8.953947533336434176e-05 1.795667447203686606e+02 1.605756763055342162e+02 1.541167345214550153e+02 1.507433584782787079e+02 1.486646752887172624e+02
9.192535735248404149e-05 1.841716739537582725e+02 1.646947804152341632e+02 1.580727727497166200e+02 1.546161291306998180e+02 1.524859166819902896e+02
9.437481393453217441e-05 1.888865008869311168e+02 1.689025551583199558e+02 1.621039431290227810e+02 1.585546063677550706e+02 1.563702049331235173e+02
9.688953909665589314e-05 1.937293609236940028e+02 1.732325668987459721e+02 1.662593978539613317e+02 1.626191179142369663e+02 1.603792613770395690e+02
9.947127199503227467e-05 1.986926063668238385e+02 1.776640823817615455e+02 1.705055671381887521e+02 1.667660428240984629e+02 1.644635107306821737e+02
1.021217981276494540e-04 2.037825917775626294e+02 1.822107409088630448e+02 1.748647956591775880e+02 1.710251944163125017e+02 1.686581003517349018e+02
1.048429505691373569e-04 2.090065271907815259e+02 1.868783832790541055e+02 1.793422010947748504e+02 1.754057312412259932e+02 1.729847284291948597e+02
1.076366112385019626e-04 2.143603588177802521e+02 1.916568456541654086e+02 1.839167401740390346e+02 1.798650569560110171e+02 1.773626105468186722e+02
1.105047122006395661e-04 2.198506869820789689e+02 1.965598289390300124e+02 1.886191751815507018e+02 1.844658515199443798e+02 1.819059807037216672e+02
1.134492370025317535e-04 2.254871278728273865e+02 2.015952066576801371e+02 1.934459052548542104e+02 1.891797293665270558e+02 1.865450170902186073e+02
1.164722220450443985e-04 2.312582821911996689e+02 2.067414619166220291e+02 1.983710774193483530e+02 1.939844121828779180e+02 1.912729373366552466e+02
1.195757579912801953e-04 2.371848600976181842e+02 2.120328868965316360e+02 2.034409521499340485e+02 1.989357616458133862e+02 1.961502946145483293e+02
1.227619912124580995e-04 2.432606247339435868e+02 2.174563048978689039e+02 2.086366394278047380e+02 2.040088808628024424e+02 2.011454316707289252e+02
1.260331252723200283e-04 2.494971972357961931e+02 2.230253045920653676e+02 2.139736063551329721e+02 2.092223702616926175e+02 2.062810582746363650e+02
1.293914224510912207e-04 2.558868583546154696e+02 2.287277573247092732e+02 2.194380161658409349e+02 2.145622832734503618e+02 2.115457367722992785e+02
1.328392053100482524e-04 2.624428709966969109e+02 2.345769433624400335e+02 2.250384823852557759e+02 2.200287937750181015e+02 2.169281167017276459e+02
1.363788582977768600e-04 2.691674406218180593e+02 2.405787430302825669e+02 2.307862950768260646e+02 2.256362187874279925e+02 2.224385202155875447e+02
1.400128293992301907e-04 2.760535412110630205e+02 2.467138375205286138e+02 2.366561665748970711e+02 2.313676186103111547e+02 2.280937837462503524e+02
1.437436318287282487e-04 2.831330179116912404e+02 2.530338121859904277e+02 2.427088584952495012e+02 2.372728788507810975e+02 2.338975779342581518e+02
1.475738457680691779e-04 2.903802785021480304e+02 2.594928008700890132e+02 2.488876816143783515e+02 2.432993253796181534e+02 2.398281282816315070e+02
1.515061201509545433e-04 2.978197450329844287e+02 2.661266876124318514e+02 2.552357074990443664e+02 2.494901452422587909e+02 2.459137003117260463e+02
1.555431744949624634e-04 3.054460837750639257e+02 2.729244378647672420e+02 2.617392509693005422e+02 2.558344626545294602e+02 2.521592261966725346e+02
1.596878007823364007e-04 3.132641407580422310e+02 2.798843510313463412e+02 2.683860326371358838e+02 2.623015108906232058e+02 2.584987446094746701e+02
1.639428653908887607e-04 3.212867696793910000e+02 2.870360479909049900e+02 2.752324842820416393e+02 2.689901434938413445e+02 2.650996683037762409e+02
1.683113110763565499e-04 3.295142268161498578e+02 2.943646823777817190e+02 2.822373771425008613e+02 2.758136198693561028e+02 2.717994743792514782e+02
1.727961590075785244e-04 3.379572423429181072e+02 3.018908778675813664e+02 2.894395318425812889e+02 2.828435808052744846e+02 2.787272280487134708e+02
1.774005108559025044e-04 3.466046687320567798e+02 3.095853515803446498e+02 2.967874325675074374e+02 2.899977493799208901e+02 2.857517160062658945e+02
1.821275509402666066e-04 3.554753828688353678e+02 3.174805992952951783e+02 3.043309381908329101e+02 2.973471648190994756e+02 2.929749347326966813e+02
1.869805484294396949e-04 3.645770450799318496e+02 3.255828166742412577e+02 3.120712970474172039e+02 3.048856788343861126e+02 3.003785648311216505e+02
1.919628596029418087e-04 3.739079780612519244e+02 3.338784971295081050e+02 3.199856344979828577e+02 3.125856183437038567e+02 3.079382420606659139e+02
1.970779301722105610e-04 3.834670547902351245e+02 3.423753110163215752e+02 3.280959539090569024e+02 3.204829119572847276e+02 3.156990930627410421e+02
2.023292976636168795e-04 3.932892704291407426e+02 3.511129071381401445e+02 3.364341733860782711e+02 3.285927500192337334e+02 3.236527518558238512e+02
2.077205938649791619e-04 4.033529242919394164e+02 3.600577874313785287e+02 3.449685538325744574e+02 3.368970182702832403e+02 3.318046371989864269e+02
2.132555473372679876e-04 4.136702325438682237e+02 3.692246223386791826e+02 3.537133762155037857e+02 3.454098268896025274e+02 3.401738526668438567e+02
2.189379859932372467e-04 4.242575172669421590e+02 3.786304137649949553e+02 3.626820420342725129e+02 3.541333639281219234e+02 3.487396968414832372e+02
2.247718397447669614e-04 4.351005772064445409e+02 3.882479408806102583e+02 3.718356731054033162e+02 3.630139382187189199e+02 3.574252792004554067e+02
2.307611432207463606e-04 4.462233555788770900e+02 3.981140200047502731e+02 3.812305452534928349e+02 3.721405017356785265e+02 3.663724949414997241e+02
2.369100385573793828e-04 4.576319471456554311e+02 4.082332289969508565e+02 3.908646651486681094e+02 3.814945658590901303e+02 3.755326025689719245e+02
2.432227782628395597e-04 4.693380382905843362e+02 4.186157765612915682e+02 4.007467427396719586e+02 3.910861937347847288e+02 3.849235067535580015e+02
2.497037281582587236e-04 4.813317280205137649e+02 4.292449450053754845e+02 4.108646353229535180e+02 4.009209083115152907e+02 3.945866961264012502e+02
2.563573703970796784e-04 4.936209152808623912e+02 4.401157959758074867e+02 4.211854645878822794e+02 4.109162896148093296e+02 4.043545152854057960e+02
2.631883065648651021e-04 5.062269646770073450e+02 4.512726536598711391e+02 4.317875374003293700e+02 4.211958326426974395e+02 4.144135384236967070e+02
2.702012608617023262e-04 5.191693109480092971e+02 4.627345512614374456e+02 4.426855008507966431e+02 4.317690110751087786e+02 4.247684596305868467e+02
2.774010833694091774e-04 5.324141910995695071e+02 4.744320209189027082e+02 4.537764241447196127e+02 4.425005529024443831e+02 4.352523871657128325e+02
2.847927534057956159e-04 5.460094785629644321e+02 4.864479268446302740e+02 4.651798129346691439e+02 4.535453620800034855e+02 4.460514338165133381e+02
2.923813829683065673e-04 5.599330241330062563e+02 4.987235411051005940e+02 4.767936608960492322e+02 4.647540247131109368e+02 4.569685672404982029e+02
3.001722202694214348e-04 5.742065799408555904e+02 5.113138315687501745e+02 4.887281064781441842e+02 4.763137791792298685e+02 4.682898009036628650e+02
3.081706533662612935e-04 5.888493745310643135e+02 5.242215252862843045e+02 5.009466820653202035e+02 4.881233720157008520e+02 4.798210221844492480e+02
3.163822138869085989e-04 6.038600164223134925e+02 5.374455474484966544e+02 5.134570397989226649e+02 5.002003229780529523e+02 4.915814530204127664e+02
3.248125808560211659e-04 6.192411663895563834e+02 5.509743190138397040e+02 5.262375505302769625e+02 5.125351696162153985e+02 5.036214241010990804e+02
3.334675846223820236e-04 6.349997311426523083e+02 5.648227547604801657e+02 5.393093719876075056e+02 5.251299142247200962e+02 5.158659529465949163e+02
3.423532108911049739e-04 6.511400029641390574e+02 5.789758408370107645e+02 5.526396186230460899e+02 5.379499612624930478e+02 5.283157195336146970e+02
3.514756048632821468e-04 6.677083806387599907e+02 5.935159941852907650e+02 5.663473849851287696e+02 5.511508489888849454e+02 5.411630330305002872e+02
3.608410754859366033e-04 6.846759877492422675e+02 6.083849827592894144e+02 5.803542985614815279e+02 5.646388032366423886e+02 5.542953565896217469e+02
3.704560998152216992e-04 7.020544370671086654e+02 6.235852616898591805e+02 5.946427954933459432e+02 5.783639059776274962e+02 5.676233165872205291e+02
3.803273274958802607e-04 7.198697284939680685e+02 6.391525818221998634e+02 6.092590675860749343e+02 5.923835304865496028e+02 5.812066139520029537e+02
3.904615853600666665e-04 7.381146389336572611e+02 6.550765732971194666e+02 6.242067214755660416e+02 6.067321001634747972e+02 5.951337386297333296e+02
4.008658821487080630e-04 7.568149127826109179e+02 6.713765748851619719e+02 6.394831439774376349e+02 6.213671051259976821e+02 6.093037556284883749e+02
4.115474133586723864e-04 7.759520613129279809e+02 6.880152719697434804e+02 6.550396221241679768e+02 6.362451284697452820e+02 6.237084586870041676e+02
4.225135662190946263e-04 7.955759215712714649e+02 7.050787081660564581e+02 6.710061734210223676e+02 6.515305774340230300e+02 6.385083111197842527e+02
4.337719248003030735e-04 8.156404403077158349e+02 7.224551111729306285e+02 6.871940855103698595e+02 6.669534769070255606e+02 6.533625456987452935e+02
4.453302752588783739e-04 8.362152750452696637e+02 7.402748034233809449e+02 7.038061127921778279e+02 6.828039062631431761e+02 6.686695701036175024e+02
4.571966112224741009e-04 8.572541683521285449e+02 7.584457027125972672e+02 7.207115043062366340e+02 6.989161561913108471e+02 6.842278776791257542e+02
4.693791393181205910e-04 8.787968271099180129e+02 7.770007312438610825e+02 7.379129387030357066e+02 7.152324741193781392e+02 6.998816260373569094e+02
4.818862848478387305e-04 9.008502426527775242e+02 7.959763356756775465e+02 7.555076913033310575e+02 7.319442654874969776e+02 7.159515861386511233e+02
4.947266976154846051e-04 9.234112639965405833e+02 8.153326201511663385e+02 7.734069257004738347e+02 7.489021774545592507e+02 7.322201667257273812e+02
5.079092579088599234e-04 9.464983027677226346e+02 8.351008322173038323e+02 7.916678748835206534e+02 7.662037970109666958e+02 7.488410487670140583e+02
5.214430826412194036e-04 9.701439602131358697e+02 8.553084617081185570e+02 8.102876678499886793e+02 7.837796103152988962e+02 7.656253905417397618e+02
5.353375316564289383e-04 9.942919999878176895e+02 8.758772836253046989e+02 8.292134573120952155e+02 8.016665228374039316e+02 7.827989607575970012e+02
5.496022142021289624e-04 1.019003012810462678e+03 8.968667486242338782e+02 8.484561329094381108e+02 8.197494539779047500e+02 7.999982272292642165e+02
5.642469955753859302e-04 1.044212443361866463e+03 9.181750142859891639e+02 8.679240811075819693e+02 8.380209873110773060e+02 8.174086884282684196e+02
5.792820039454202449e-04 1.070039568329648318e+03 9.400074848976873909e+02 8.878933461210058340e+02 8.567872348440868109e+02 8.352962163193539027e+02
5.947176373581391715e-04 1.096378520147318341e+03 9.621393085330964823e+02 9.080212373022851580e+02 8.756030342806964200e+02 8.531481628538264204e+02
6.105645709273090820e-04 1.123332234519984922e+03 9.847600363317542360e+02 9.285872817311366134e+02 8.948327759542976310e+02 8.714037054661117736e+02
6.268337642173459068e-04 1.150807589064716012e+03 1.007672138572197582e+03 9.492944243834789404e+02 9.140891029262758138e+02 8.896000684828808289e+02
6.435364688228309253e-04 1.178871122894870496e+03 1.031028590043824806e+03 9.704030919764286409e+02 9.337403406699739890e+02 9.081937805482497197e+02
6.606842361499870760e-04 1.207503090115969826e+03 1.054735654777869058e+03 9.917223889645293866e+02 9.534852965261960662e+02 9.267688490924969074e+02
6.782889254055063290e-04 1.236725914595735958e+03 1.078842451929522213e+03 1.013359183583743174e+03 9.735336155675757936e+02 9.457024179618650805e+02
6.963627117982437850e-04 1.266525338575902424e+03 1.103314368267456302e+03 1.035236205271794233e+03 9.937076181008886806e+02 9.646270676112811771e+02
7.149180949594603676e-04 1.296855832550427294e+03 1.128072930738271680e+03 1.057279133076711560e+03 1.013980709145155856e+03 9.836089946502276007e+02
7.339679075874276041e-04 1.327837009559061698e+03 1.153293307107414876e+03 1.079690636014226129e+03 1.034568870628281502e+03 1.002889075161035521e+03
7.535253243223819994e-04 1.359290698248732951e+03 1.178678244619768520e+03 1.102099556261236785e+03 1.055052788154716609e+03 1.021998213076886373e+03
7.736038708579588653e-04 1.391407737228782935e+03 1.204534151424704760e+03 1.124887545660118576e+03 1.075842501866281737e+03 1.041329114523173075e+03
7.942174332954156629e-04 1.424071011780197296e+03 1.230678706920261902e+03 1.147857668147189315e+03 1.096782595170079503e+03 1.060837553749520566e+03
8.153802677471027986e-04 1.457263960420132207e+03 1.257056631569212186e+03 1.170903917975131890e+03 1.117690542213676736e+03 1.080217340051002566e+03
8.371070101958375757e-04 1.491049323887436913e+03 1.283773471074964618e+03 1.194177391656994359e+03 1.138769957877326760e+03 1.099745932899881154e+03
8.594126866169843424e-04 1.525365424969950254e+03 1.310723386078352632e+03 1.217545311741608430e+03 1.159875660246858843e+03 1.119284676293764960e+03
8.823127233702576875e-04 1.560240967596473638e+03 1.337956214694568189e+03 1.241084516061333943e+03 1.181098446699518945e+03 1.138900692374639448e+03
9.058229578684176423e-04 1.595624678669319110e+03 1.365391425782327133e+03 1.264690639962403338e+03 1.202308573835859079e+03 1.158443531957843106e+03
9.299596495302549443e-04 1.631576729968928703e+03 1.393105352137063164e+03 1.288465090250052981e+03 1.223660139318477832e+03 1.178169732156287182e+03
9.547394910254208659e-04 1.668006951932384254e+03 1.420936030506090901e+03 1.312159179437633611e+03 1.244761968291422590e+03 1.197433550396352075e+03
9.801796198188970216e-04 1.705001972020982066e+03 1.449097604164089717e+03 1.336186224597379805e+03 1.266337419223127426e+03 1.217462697785619412e+03
1.006297630023074039e-03 1.742468668692345091e+03 1.477371151548395574e+03 1.360126802443458473e+03 1.287628609074308542e+03 1.236922284310373243e+03
1.033111584565648677e-03 1.780442258421317092e+03 1.505838661134839640e+03 1.384183936922345083e+03 1.309075745642864149e+03 1.256677651360320624e+03
1.060640027681743246e-03 1.818907822591809236e+03 1.534489394676274969e+03 1.408317138163595700e+03 1.330532093882017307e+03 1.276348459960582431e+03
1.088901997738893216e-03 1.857839417000031972e+03 1.563282606836328341e+03 1.432503309799697490e+03 1.352041492458908124e+03 1.296131272384120848e+03
1.117917040403775984e-03 1.897246760522757540e+03 1.592250967148575000e+03 1.456813684860244166e+03 1.373725396240673035e+03 1.316203050389187410e+03
1.147705222159773383e-03 1.937173395114659797e+03 1.621433679336769274e+03 1.481243245671405930e+03 1.395493415060966981e+03 1.336355752099538222e+03
1.178287144184732814e-03 1.977521837519998371e+03 1.650760509255233046e+03 1.505808519231892660e+03 1.417463917828184094e+03 1.356779006748304937e+03
1.209683956598517005e-03 2.018288980050492682e+03 1.680161103513964918e+03 1.530344475871630948e+03 1.439359915398429621e+03 1.377078073656186461e+03
1.241917373090187801e-03 2.059546533748616639e+03 1.709804578350667725e+03 1.555109945914882474e+03 1.461527942383981781e+03 1.397720714614649069e+03
1.275009685934958047e-03 2.101236994591417897e+03 1.739578857751803298e+03 1.579971164652767129e+03 1.483846840694265211e+03 1.418615435402064350e+03
1.308983781411281059e-03 2.143332958490354940e+03 1.769484795522257627e+03 1.604953711999987490e+03 1.506339062333329821e+03 1.439747564033372328e+03
1.343863155628752986e-03 2.185907140199087735e+03 1.799646672896196833e+03 1.630212173683733454e+03 1.529155158377252292e+03 1.461210549027426168e+03
1.379671930777755934e-03 2.228885616184925311e+03 1.829980906031196355e+03 1.655712290322698891e+03 1.552402003701572312e+03 1.483392645988613367e+03
1.416434871812103247e-03 2.272275624645444623e+03 1.860474314122402575e+03 1.681353435462466678e+03 1.575753056913187265e+03 1.505526697447989136e+03
1.454177403576205081e-03 2.316073196900033508e+03 1.891157908654058701e+03 1.707236261204428047e+03 1.599504146677208837e+03 1.528357839592732489e+03
1.492925628388617598e-03 2.360265904488296655e+03 1.922042614840465831e+03 1.733372684050069893e+03 1.623535323343336586e+03 1.551358856408779275e+03
1.532706344094109108e-03 2.404847893355727138e+03 1.953095368749418412e+03 1.759730699966118209e+03 1.647936997677994896e+03 1.574963122411631048e+03
1.573547062596758733e-03 2.449816372802197293e+03 1.984376619761314942e+03 1.786369566255016025e+03 1.672624764491726182e+03 1.598761247483470243e+03
1.615476028886883792e-03 2.495122353694241610e+03 2.015823762636500760e+03 1.813305886903156534e+03 1.697846203719672985e+03 1.623417981395420384e+03
1.658522240574970049e-03 2.540698865677040885e+03 2.047257431072357576e+03 1.840125394523007571e+03 1.722771117576824508e+03 1.647435173022948902e+03
1.702715467946087956e-03 2.586772940661903704e+03 2.079195729762141127e+03 1.867718568637404132e+03 1.748805947347815618e+03 1.672990563953993842e+03
1.748086274548701956e-03 2.633041916219553968e+03 2.111062285550433444e+03 1.895174740973452344e+03 1.774595341690194800e+03 1.698085291832297344e+03
1.794666038332078930e-03 2.679556790399983583e+03 2.142986070073093288e+03 1.922751530396538328e+03 1.800633024467193763e+03 1.723648874511786971e+03
1.842486973346937071e-03 2.726459819507726934e+03 2.175215833582915366e+03 1.950685124775045324e+03 1.826948286475865643e+03 1.749194389187963679e+03
1.891582152024321676e-03 2.773483641753518896e+03 2.207360697675248957e+03 1.978598368142653499e+03 1.853404126396829270e+03 1.775191248071690325e+03
1.941985528048134537e-03 2.820877033454780758e+03 2.239823880563635612e+03 2.006913931377542212e+03 1.880243548857979249e+03 1.801368832706085641e+03
1.993731959837134141e-03 2.868251311305866693e+03 2.271963542169251014e+03 2.034837581707979325e+03 1.906694618951878283e+03 1.827315452334859174e+03
2.046857234652624171e-03 2.915914527934619400e+03 2.304358338386809919e+03 2.063097084086620725e+03 1.933461678220385693e+03 1.853423280153423548e+03
2.101398093348532878e-03 2.963640614094001648e+03 2.336600869103276636e+03 2.091177740070173058e+03 1.959993048254206087e+03 1.879146194679196924e+03
2.157392255780980761e-03 3.011578414506002446e+03 2.368981753600965021e+03 2.119443794866286225e+03 1.986753749558895834e+03 1.905241720503817078e+03
2.214878446894923830e-03 3.059580567648517899e+03 2.401321118236155598e+03 2.147723313188568227e+03 2.013511148055840522e+03 1.931161870727625910e+03
2.273896423505887120e-03 3.107666573014321330e+03 2.433636962033706368e+03 2.176036480673549704e+03 2.040410985115061521e+03 1.957470085149630904e+03
2.334487001795346964e-03 3.155705279982503271e+03 2.465772662857852993e+03 2.204182337638242643e+03 2.067142678916473415e+03 1.983608028860762715e+03
2.396692085538746839e-03 3.203903933112014784e+03 2.498053224273171509e+03 2.232555116523968991e+03 2.094124055124896586e+03 2.009949276698753238e+03
2.460554695085697980e-03 3.252015877863086644e+03 2.530147786501329392e+03 2.260772439402838245e+03 2.120976718679691203e+03 2.036213370765714672e+03
2.526118997112360067e-03 3.300037240796300466e+03 2.562055716991744703e+03 2.288820960292068321e+03 2.147633715642538391e+03 2.062187633548086978e+03
2.593430335166642137e-03 3.348131452436209656e+03 2.594135206884311629e+03 2.317249730702993929e+03 2.174886035436356451e+03 2.089030273700598627e+03
2.662535261027290656e-03 3.396183071938648936e+03 2.626242726958371350e+03 2.345932942438036207e+03 2.202664008250770166e+03 2.116720679556795858e+03
2.733481566898598222e-03 3.444109143966124975e+03 2.658183071821476915e+03 2.374454269498043232e+03 2.230215318833943002e+03 2.144067717635072768e+03
2.806318318462949508e-03 3.491877761571813608e+03 2.690014452129471465e+03 2.403036212068690929e+03 2.258017881792329263e+03 2.171876664201108269e+03
2.881095888814114506e-03 3.539549794641498011e+03 2.721840893391272402e+03 2.431761497633900035e+03 2.286078505031667191e+03 2.200065538656742774e+03
2.957865993294721274e-03 3.587025471501838183e+03 2.753601210248307325e+03 2.460636656240288175e+03 2.314468401232540145e+03 2.228686637116441034e+03
3.036681725262026493e-03 3.634291047284132219e+03 2.785322294461511774e+03 2.489733717300986882e+03 2.343331418551387742e+03 2.258018654336376585e+03
3.117597592806678475e-03 3.681365381645373418e+03 2.817007501961052185e+03 2.518995378524995886e+03 2.372555189935761973e+03 2.287945799858309329e+03
3.200669556449919732e-03 3.728208051304536639e+03 2.848672725687501952e+03 2.548493301686733503e+03 2.402236309079259172e+03 2.318505778095374353e+03
3.285955067845274663e-03 3.774800641184192500e+03 2.880292198957322398e+03 2.578127292715167641e+03 2.432161607343974993e+03 2.349367077315071128e+03
3.373513109511463558e-03 3.821006215897577931e+03 2.911738898976473138e+03 2.607858992344020407e+03 2.462413900248162918e+03 2.380711193520575762e+03
3.463404235624070390e-03 3.866856121552627883e+03 2.943093165403406601e+03 2.637743804687342617e+03 2.493025182386044889e+03 2.412640327348373830e+03
3.555690613894138020e-03 3.912572801975984476e+03 2.974720627415081253e+03 2.668198030338195167e+03 2.524339864743330054e+03 2.445231757961679250e+03
3.650436068562686303e-03 3.957653313511327724e+03 3.005904916156723630e+03 2.698404004828576944e+03 2.555574929051799245e+03 2.477919565645822786e+03
3.747706124540828125e-03 4.002521652286450262e+03 3.037396083916391945e+03 2.729374876078411944e+03 2.587960384853261530e+03 2.512092059375718236e+03
3.847568052726093885e-03 4.046903730247795465e+03 3.068716248936980264e+03 2.760358611656313769e+03 2.620384291792482145e+03 2.546161749321346633e+03
3.950090916526232364e-03 4.090652714696552721e+03 3.099757638787559699e+03 2.791338340529085144e+03 2.652989760249037772e+03 2.580547960932055958e+03
4.055345619622715246e-03 4.133970299508509925e+03 3.130861492285766872e+03 2.822748892692033678e+03 2.686285010366700135e+03 2.615782457560921557e+03
4.163404955006919789e-03 4.176891960147622740e+03 3.162106479386566207e+03 2.854641622668907985e+03 2.720324401326748557e+03 2.652128689776795454e+03
4.274343655322976332e-03 4.219128183381835697e+03 3.193098552937444765e+03 2.886588522697371445e+03 2.754606043059999138e+03 2.688720173400981821e+03
4.388238444552026302e-03 4.260782629035893478e+03 3.224004020301363198e+03 2.918604895588165164e+03 2.788789956900678590e+03 2.724763044284656644e+03
4.505168091073701898e-03 4.301873779918387299e+03 3.254927246438601287e+03 2.951051421897912405e+03 2.823837068712066866e+03 2.762279019118752331e+03
4.625213462141444451e-03 4.342273504435070208e+03 3.285793738403590396e+03 2.983832351549838677e+03 2.859383847691351093e+03 2.800199375384797804e+03
4.748457579809417690e-03 4.381940269001643173e+03 3.316415342693362618e+03 3.016555322832427464e+03 2.894950971389383085e+03 2.838259994971565902e+03
4.874985678349638696e-03 4.420971360724724946e+03 3.347037701175431721e+03 3.049490729954364724e+03 2.930602734031077489e+03 2.875943011993542314e+03
5.004885263199077700e-03 4.459157496472980711e+03 3.377580536029854557e+03 3.083004306536749482e+03 2.967599411647145644e+03 2.915990566445825152e+03
5.138246171477423366e-03 4.496657916248004767e+03 3.408038910324830795e+03 3.116471974578064874e+03 3.004209892957005195e+03 2.955026116326140709e+03
5.275160634117464359e-03 4.533263034031333518e+03 3.438256132745300420e+03 3.150063369662966124e+03 3.041280528919499375e+03 2.994991281297989190e+03
5.415723339650973037e-03 4.568696526047642692e+03 3.467860934332420584e+03 3.183255819768527999e+03 3.077991001674477957e+03 3.034457251587572046e+03
5.560031499694273807e-03 4.603517991800763411e+03 3.497751089322991902e+03 3.217109203682629868e+03 3.115443045670011088e+03 3.074503073993449561e+03
5.708184916178688298e-03 4.637371571399708046e+03 3.527317842080083210e+03 3.250792263760230981e+03 3.152754899473705336e+03 3.114557792870638423e+03
5.860286050372469357e-03 4.669822368557797745e+03 3.556114257703302428e+03 3.283990700204934001e+03 3.189721695344390355e+03 3.154261963330519848e+03
6.016440093741894958e-03 4.701757566669257358e+03 3.585393218058452476e+03 3.318067527088181123e+03 3.227764646608071416e+03 3.195220794591121376e+03
6.176755040700501916e-03 4.732313008002529386e+03 3.613852159649104578e+03 3.351357936331186920e+03 3.264836531731221839e+03 3.234899398980351634e+03
6.341341763296843605e-03 4.761603463328792714e+03 3.641731190106074791e+03 3.384274464163463108e+03 3.301596771298208751e+03 3.274198787768681996e+03
6.510314087892370150e-03 4.789990811371826567e+03 3.669884466586227063e+03 3.418096738808089412e+03 3.339721483235867709e+03 3.315334745185449719e+03
6.683788873882504956e-03 4.816698420135508059e+03 3.696642008408962283e+03 3.450199284282085500e+03 3.375640917709873065e+03 3.353739158666382082e+03
6.861886094515275147e-03 4.842375914365111385e+03 3.723461080951528857e+03 3.482910815861347146e+03 3.412613722995350145e+03 3.393683462618850172e+03
7.044728919863518790e-03 4.866398728120693704e+03 3.749346244272601325e+03 3.514943373015654288e+03 3.449117330383741773e+03 3.433469205331988633e+03
7.232443802007926074e-03 4.889323562665813370e+03 3.774946471108996775e+03 3.546593011666748680e+03 3.484606181088601716e+03 3.471025925331128292e+03
7.425160562489934064e-03 4.910601942191569833e+03 3.799724006897013169e+03 3.577803393280870296e+03 3.520174780370628469e+03 3.509594816624186933e+03
7.623012482094832995e-03 4.930270538501936244e+03 3.823565139566926518e+03 3.608006133391754247e+03 3.554344882918133408e+03 3.546048857305198908e+03
7.826136393027312982e-03 4.948389232759946026e+03 3.846753710661141668e+03 3.637852301103023365e+03 3.588397038497689664e+03 3.582751770947128534e+03
8.034672773543092075e-03 4.964810800264676800e+03 3.869031328046694398e+03 3.666897439333454258e+03 3.621557360636457815e+03 3.618309407916230612e+03
8.248765845102158309e-03 4.979381581375346286e+03 3.890118319408502430e+03 3.694736896539494410e+03 3.653408149307554140e+03 3.652552509703052692e+03
8.468563672110698826e-03 4.992306568399799289e+03 3.910544822485826444e+03 3.722239045403548062e+03 3.685131978728264585e+03 3.686893030053625353e+03
8.694218264320829198e-03 5.003086533489986323e+03 3.929419409898691811e+03 3.748164531142683245e+03 3.715182943709271512e+03 3.719438371739039667e+03
8.925885681958860632e-03 5.011841518534056377e+03 3.946934787562640850e+03 3.772526747897305540e+03 3.743112645007979609e+03 3.749041783669652887e+03
9.163726143654848943e-03 5.018748403128411155e+03 3.963541731611912837e+03 3.796378761023903280e+03 3.771079080424193307e+03 3.779571022183323748e+03
9.407904137247988935e-03 5.023534558138780994e+03 3.978748161251569400e+03 3.818718759363011941e+03 3.797078349336127303e+03 3.807323518238030374e+03
9.658588533544619145e-03 5.025887822812364902e+03 3.992130451724806335e+03 3.839298278379525073e+03 3.821494160474199816e+03 3.833903364448187403e+03
9.915952703107416485e-03 5.025888546837086324e+03 4.003831383640645072e+03 3.858114897391059912e+03 3.843849917642073251e+03 3.857969350557153575e+03
1.018017463615653907e-02 5.023645133846293902e+03 4.014008529709244613e+03 3.875341361482665889e+03 3.864435090321348525e+03 3.880125280278734863e+03
1.045143706566570643e-02 5.019084645091788843e+03 4.022731578585517127e+03 3.891388445346576646e+03 3.884123522380443774e+03 3.901762390853526540e+03
1.072992759373830873e-02 5.011583664579957258e+03 4.028813965252484195e+03 3.904389145168824598e+03 3.900331877990004159e+03 3.919581436243218832e+03
1.101583882135098204e-02 5.001768163939414080e+03 4.033490844897751231e+03 3.916165932043998055e+03 3.915271648780519627e+03 3.935785260999885850e+03
1.130936848155426021e-02 4.988987953923933674e+03 4.035682908665621653e+03 3.925338660027093738e+03 3.927559191788313456e+03 3.949507282605394721e+03
1.161071957622261674e-02 4.973621478018758353e+03 4.035967260205070488e+03 3.932539579873166531e+03 3.937732794651916265e+03 3.961041857184842229e+03
1.192010051644829330e-02 4.955243414641445270e+03 4.033783398057275917e+03 3.937211535568542331e+03 3.945285847134266533e+03 3.969805901523368902e+03
1.223772526667615650e-02 4.933796305710711749e+03 4.028891802666184958e+03 3.938826586973930262e+03 3.949335719640754178e+03 3.974559058334678411e+03
1.256381349267908509e-02 4.909250646194850560e+03 4.021593132099660579e+03 3.938260932910488464e+03 3.951586707185099385e+03 3.978171683091670275e+03
1.289859071347643910e-02 4.881540179799922043e+03 4.011391230445296969e+03 3.934210857644986845e+03 3.949494211552664183e+03 3.976293363723593302e+03
1.324228845730049571e-02 4.850362517976027448e+03 3.998141496003954671e+03 3.927101278811847806e+03 3.944492937496008835e+03 3.971844399488841646e+03
1.359514442171887508e-02 4.816277810148167191e+03 3.982687152761500329e+03 3.917876640843847781e+03 3.937577759057748608e+03 3.966028391481687777e+03
1.395740263802348023e-02 4.778611122808797518e+03 3.963977202641544864e+03 3.905170141886919282e+03 3.926799184673775471e+03 3.955590317188451536e+03
1.432931363999990181e-02 4.737434914970654063e+03 3.942058085250027943e+03 3.889049826988484256e+03 3.912563591030193038e+03 3.941983278325758874e+03
1.471113463719377588e-02 4.692765997726528440e+03 3.916956259229045827e+03 3.869513085621874325e+03 3.894648197734495170e+03 3.924383032937534153e+03
1.510312969279414483e-02 4.644237609612609958e+03 3.888268035670043901e+03 3.846248738330710694e+03 3.872976039744680293e+03 3.903144740080150314e+03
1.550556990625654927e-02 4.592329155633633491e+03 3.856486655404441990e+03 3.819547681460001058e+03 3.847379872826470546e+03 3.877325953906091399e+03
1.591873360079247915e-02 4.536370909226970980e+03 3.820727765979827382e+03 3.788625966411393620e+03 3.817501843152567290e+03 3.847352510194294155e+03
1.634290651585460288e-02 4.477055193480191519e+03 3.782100138970417902e+03 3.754969285559684522e+03 3.785248564397139489e+03 3.815638114208355546e+03
1.677838200475109329e-02 4.413966131612396566e+03 3.739766366751573514e+03 3.717117553666854292e+03 3.748006773787394650e+03 3.777619257089371331e+03
1.722546123752543776e-02 4.346724668246315559e+03 3.693218864141090307e+03 3.674857145751593180e+03 3.706642037810136117e+03 3.736503407320628412e+03
1.768445340924235457e-02 4.275981076082680374e+03 3.643401020467281342e+03 3.629077929037932790e+03 3.661263932272946477e+03 3.690370370628932960e+03
1.815567595382375915e-02 4.201278289420879446e+03 3.589536288666131441e+03 3.578946183361888870e+03 3.611507392398003503e+03 3.640223485032717235e+03
1.863945476358245049e-02 4.123170064653968439e+03 3.532560848300054204e+03 3.525732258171386093e+03 3.558762177925867036e+03 3.587231084304240994e+03
1.913612441460569788e-02 4.040925925057235872e+03 3.471091432814428117e+03 3.467528645643032633e+03 3.500654785815082505e+03 3.528485228945811741e+03
1.964602839814436064e-02 3.955423336733365431e+03 3.406475534707424231e+03 3.405984563563251413e+03 3.438998307054474026e+03 3.465937162996890493e+03
2.016951935816769029e-02 3.866304995889076963e+03 3.338167922219727188e+03 3.340660214100498251e+03 3.373701272198619336e+03 3.400047569413980000e+03
2.070695933524792365e-02 3.773768522544123698e+03 3.266216442266013473e+03 3.271349831333694056e+03 3.304332080818712257e+03 3.330373812833180182e+03
2.125872001694361496e-02 3.678011713717569364e+03 3.190960671584471129e+03 3.198531823313872337e+03 3.231156403658678300e+03 3.256316168408530302e+03
2.182518299485459654e-02 3.579172507219191175e+03 3.112379699441371486e+03 3.122099079234370038e+03 3.154160883977698177e+03 3.178160238182482772e+03
2.240674002852662688e-02 3.477428788650722709e+03 3.030729689999716356e+03 3.042536638703507379e+03 3.074300143404009759e+03 3.097861593008351974e+03
2.300379331638782374e-02 3.373045445027091773e+03 2.946316265384666622e+03 2.960228361541521281e+03 2.991906941722457304e+03 3.015290198454633355e+03
2.361675577390476288e-02 3.266207346883893479e+03 2.858774850981135387e+03 2.873893781501682952e+03 2.904272200583557606e+03 2.925705937144967265e+03
2.424605131915019349e-02 3.157207728071516613e+03 2.769048996345663909e+03 2.785843879599899992e+03 2.816047499066916771e+03 2.837483127340984993e+03
2.489211516598021159e-02 3.046209724282962270e+03 2.676654200027405750e+03 2.694401549254349447e+03 2.723541674880931168e+03 2.743746290063485503e+03
2.555539412502320223e-02 2.934031049366749357e+03 2.583095033326244447e+03 2.602176362564786814e+03 2.630885097309946559e+03 2.650584883388752587e+03
2.623634691268926164e-02 2.820459786034043645e+03 2.487297301243816037e+03 2.506873237862018414e+03 2.534237481110418685e+03 2.552450328645917125e+03
2.693544446841332832e-02 2.706246586924535222e+03 2.390850039767101407e+03 2.411481580944770485e+03 2.438411465636066168e+03 2.456231534451556854e+03
2.765317028035181590e-02 2.591539730654767482e+03 2.293076182767545106e+03 2.314092126409911089e+03 2.340000039375542201e+03 2.357009690581200175e+03
2.839002071975754368e-02 2.476863546633976512e+03 2.194826961359358393e+03 2.216034502072142914e+03 2.240711494347778626e+03 2.256470022846013308e+03
2.914650538426468568e-02 2.362918572909111390e+03 2.097046201850316720e+03 2.118675350448853806e+03 2.142605484253532723e+03 2.157815188727962322e+03
2.992314745032087497e-02 2.250041191079217242e+03 1.999717264179780614e+03 2.021490571036313668e+03 2.044437078515183885e+03 2.058703664540002592e+03
3.072048403501030991e-02 2.138369711500126868e+03 1.902936828584497562e+03 1.924678497865097370e+03 1.946600105062049124e+03 1.960091377451394919e+03
3.153906656751789828e-02 2.028653638543182751e+03 1.807542793919856194e+03 1.829195811449510984e+03 1.850210291813127469e+03 1.863060864278425697e+03
3.237946117049161909e-02 1.921453345306654228e+03 1.714100151596358046e+03 1.735504992989978291e+03 1.755404416787205037e+03 1.767238828867673874e+03
3.324224905156685644e-02 1.817208876171935117e+03 1.623083498060732381e+03 1.644331022407859336e+03 1.663530247071757685e+03 1.675128091565333307e+03
3.412802690532293348e-02 1.716248610582406400e+03 1.534615066790865967e+03 1.555355391290504258e+03 1.573355752310792923e+03 1.583888249946758151e+03
3.503740732595069657e-02 1.619060001404141076e+03 1.449311979107878869e+03 1.469533339858559430e+03 1.486510494296089519e+03 1.496313902251422405e+03
3.597101923091578640e-02 1.526264061153488001e+03 1.368017731613945216e+03 1.387930250366916653e+03 1.404201252018877312e+03 1.413670189538660225e+03
3.692950829591114953e-02 1.437867129217338515e+03 1.290297195663151797e+03 1.309567351649165857e+03 1.324774441673070896e+03 1.333351922004794005e+03
3.791353740139905698e-02 1.354509149655059446e+03 1.217095324487745529e+03 1.235748299867845844e+03 1.249957590290772032e+03 1.257731423447529551e+03
3.892378709105202839e-02 1.276532310623297235e+03 1.148738361625146354e+03 1.166770181788985155e+03 1.180045164134935249e+03 1.187071149685730461e+03
3.996095604240926247e-02 1.203770916466673953e+03 1.084957267972931731e+03 1.102388858166911177e+03 1.114902968971485507e+03 1.121514956208566900e+03
4.102576155007445907e-02 1.136764875670705806e+03 1.026413612895121332e+03 1.043220672580840301e+03 1.054965447908034321e+03 1.061129795272524234e+03
4.211894002178863394e-02 1.075560859775505378e+03 9.732466059815487824e+02 9.895811174627547189e+02 1.000733199206879249e+03 1.006502095869121490e+03
4.324124748772173454e-02 1.020001924618773046e+03 9.250330323971866164e+02 9.407395585620541851e+02 9.512932979744314252e+02 9.569303391582021732e+02
4.439346012333469232e-02 9.701665766935184365e+02 8.819863046493264847e+02 8.969125527267652842e+02 9.065934112080138902e+02 9.115827996583344657e+02
4.557637478617397597e-02 9.260918435794883408e+02 8.443749234241840895e+02 8.586696307465898599e+02 8.675825939102408029e+02 8.718532258320288975e+02
4.679080956696920340e-02 8.872261937309667701e+02 8.114932575887360144e+02 8.252981283717476799e+02 8.338298868847776930e+02 8.380688594691455364e+02
4.803760435541587492e-02 8.535714679743978195e+02 7.833410107684903778e+02 7.964490217255660127e+02 8.042594775173346306e+02 8.079966177311725914e+02
4.931762142103366525e-02 8.246568477366236039e+02 7.596906228132138494e+02 7.723880817909956704e+02 7.798820377170339952e+02 7.835809174642587323e+02
5.063174600950279269e-02 7.997670177283725934e+02 7.394299234554637223e+02 7.513474213132089972e+02 7.579956112231592442e+02 7.608638945923497658e+02
5.198088695488976840e-02 7.786746859327831771e+02 7.228718696495343465e+02 7.343838740147959925e+02 7.407648842801183946e+02 7.436801264385381955e+02
5.336597730818726931e-02 7.604848333095287671e+02 7.087725976588262711e+02 7.197314239910336937e+02 7.256319713171492367e+02 7.282158434893935919e+02
5.478797498260196130e-02 7.444217038806527853e+02 6.964536592156218830e+02 7.067999344945806115e+02 7.121513130273281149e+02 7.143425333670651298e+02
5.624786341603645046e-02 7.299434166913852096e+02 6.856040126433072146e+02 6.955515711342254690e+02 7.006968803893928452e+02 7.030182744242871422e+02
5.774665225122429385e-02 7.159601353701145854e+02 6.749145156782469712e+02 6.842922008403304517e+02 6.889080331247531603e+02 6.907202636833923179e+02
5.928537803398763878e-02 7.018086957505147438e+02 6.640322814721730538e+02 6.730832808632596880e+02 6.775524471083189155e+02 6.795358194303698838e+02
6.086510493010119371e-02 6.862991102559317369e+02 6.514670263952575624e+02 6.600654329348858482e+02 6.642376372235593180e+02 6.660977396342592556e+02
6.248692546125688557e-02 6.686533773111295886e+02 6.365831906000676099e+02 6.446620362327665816e+02 6.483905810433982424e+02 6.498571400645499807e+02
6.415196126064055815e-02 6.480484128981333924e+02 6.185815958320017671e+02 6.261608971447760723e+02 6.295298334040368218e+02 6.308008116890365500e+02
6.586136384864074711e-02 6.238277807552367449e+02 5.967856616615608800e+02 6.038235947485857196e+02 6.068370210618012379e+02 6.079591081463731825e+02
6.761631542922719174e-02 5.956089871376752853e+02 5.711047105937177548e+02 5.778712599472297597e+02 5.807919519604182597e+02 5.819459653012454510e+02
6.941802970755066304e-02 5.628052073733124416e+02 5.405230731845949776e+02 5.467207571833083648e+02 5.491836031003427934e+02 5.499768795631825924e+02
7.126775272932779626e-02 5.254482171520066913e+02 5.053667292122554500e+02 5.111793444015589216e+02 5.134568509934857730e+02 5.141601581823391598e+02
7.316676374259212245e-02 4.837559403160412330e+02 4.656749498670251342e+02 4.709807064887717729e+02 4.729765476770504051e+02 4.735920305148077318e+02
7.511637608240880060e-02 4.384425867028767243e+02 4.224069645148847485e+02 4.273490179041982060e+02 4.291623267537215156e+02 4.297095112944953144e+02
7.711793807916160481e-02 3.902171102925785817e+02 3.760221990149148041e+02 3.804787600947504416e+02 3.819718712920438861e+02 3.822967344115798483e+02
7.917283399104432795e-02 3.403022408136166632e+02 3.278828349582909141e+02 3.319732511781814992e+02 3.333344318920474052e+02 3.336692473644700954e+02
8.128248496139799106e-02 2.900593492477491964e+02 2.792806487879715860e+02 2.829702003575706044e+02 2.841150929881647471e+02 2.842922990528556397e+02
8.344835000155755023e-02 2.411297167107113637e+02 2.318335987138561904e+02 2.350549862191352304e+02 2.358927035524781104e+02 2.358287574153704043e+02
8.567192699988881999e-02 1.951486203218883020e+02 1.873448738465958741e+02 1.903171894021215564e+02 1.911334796530233007e+02 1.912028515298540299e+02
8.795475375771118209e-02 1.534004174341680482e+02 1.468292462136741960e+02 1.494405484633170715e+02 1.501044706250346792e+02 1.501164593896052395e+02
9.029840905282350561e-02 1.175494821996471728e+02 1.121842003356141504e+02 1.145074397232383348e+02 1.150300459674326561e+02 1.149453066675147710e+02
9.270451373137039708e-02 8.832446955977502512e+01 8.393565491584013216e+01 8.592860801096927048e+01 8.633103811773858638e+01 8.627781641141821467e+01
9.517473182880105409e-02 6.660312707474076888e+01 6.318691175409185234e+01 6.498071783096141019e+01 6.535439653710150765e+01 6.535666965988154686e+01
9.771077172069729533e-02 5.240088891423511086e+01 4.975677025664481334e+01 5.124024248924493463e+01 5.140971452996987523e+01 5.125134055533757049e+01
1.003143873042684348e-01 4.558560597655741731e+01 4.371856478508561850e+01 4.508044065150897239e+01 4.529184853405845956e+01 4.526072514189096552e+01
1.029873792113259467e-01 4.528222150402143598e+01 4.401050880667753518e+01 4.512052959122228657e+01 4.515449416823684459e+01 4.493393695587292314e+01
1.057315960535816640e-01 5.040092978266329737e+01 4.968293010257184505e+01 5.064646723689898522e+01 5.067693200554154487e+01 5.054964056246293325e+01
1.085489357011268224e-01 5.939552798630757025e+01 5.917306458817620296e+01 5.998528315472260175e+01 5.995302869142808078e+01 5.979242857134280342e+01
1.114413465949774529e-01 7.042871074343565851e+01 7.064560993094346486e+01 7.132810710361808049e+01 7.125569839641683245e+01 7.107647495678004645e+01
1.144108290945958367e-01 8.145760471830726601e+01 8.207059726988518378e+01 8.265015242388470540e+01 8.258247693534939060e+01 8.248206103329236782e+01
1.174594368613164769e-01 9.038779299946327228e+01 9.132335155380133074e+01 9.173300954649067762e+01 9.152440464007666776e+01 9.125009355849276460e+01
1.205892782786349982e-01 9.538001401841029292e+01 9.666895483009284362e+01 9.700584829144644061e+01 9.679023142171595850e+01 9.652792740884858347e+01
1.238025179103443701e-01 9.470385014599742135e+01 9.625766688375733793e+01 9.649314892162993829e+01 9.626168203224852959e+01 9.602865099177385844e+01
1.271013779975216362e-01 8.752526254822441842e+01 8.934133385137101868e+01 8.950327015962101029e+01 8.927453986480637127e+01 8.908810372580774128e+01
1.304881399954068155e-01 7.366276355405716458e+01 7.565719615133275511e+01 7.569791727878812537e+01 7.541042809185454132e+01 7.518391451472416520e+01
1.339651461512315900e-01 5.411071860957235913e+01 5.629655194654333172e+01 5.626590628700795804e+01 5.595231119713085377e+01 5.570384740255152423e+01
1.375348011240909163e-01 3.058090901797186234e+01 3.287169800056290114e+01 3.276141458215230529e+01 3.244086414551323116e+01 3.222312981177432079e+01
1.411995736479800811e-01 5.881549137357069412e+00 8.302062486363865901e+00 8.162639629542050912e+00 7.852273653455387858e+00 7.634708572799961068e+00
1.449619982391432693e-01 -1.725430201280687470e+01 -1.480219059176306473e+01 -1.500593734662591494e+01 -1.533103050353626173e+01 -1.555966497468762100e+01
1.488246769489161847e-01 -3.591808078857866349e+01 -3.342752970060246298e+01 -3.366402135618651670e+01 -3.397826119500677322e+01 -3.417142933207409072e+01
1.527902811632780022e-01 -4.820889164006075589e+01 -4.574186761979945004e+01 -4.602435334047185478e+01 -4.634742329542253003e+01 -4.656364645281185943e+01
1.568615534503500775e-01 -5.300553537987070740e+01 -5.056721712200669572e+01 -5.090602760799810511e+01 -5.125477262792021804e+01 -5.149315590877085924e+01
1.610413094571278847e-01 -5.059835213451151503e+01 -4.816522903529403266e+01 -4.852385676046347385e+01 -4.885646620488841307e+01 -4.906067234987858683e+01
1.653324398567506126e-01 -4.231545127979188692e+01 -3.985968101067555835e+01 -4.022345994235364941e+01 -4.053016859417159878e+01 -4.070428038268195081e+01
1.697379123476578655e-01 -3.052235682087484747e+01 -2.804650395157295861e+01 -2.842594677781258738e+01 -2.871780042589913151e+01 -2.886356280616018921e+01
1.742607737060187512e-01 -1.798774408574900008e+01 -1.549661378403470735e+01 -1.592225653483182946e+01 -1.625105337380470161e+01 -1.645849045548432699e+01
1.789041518928481955e-01 -7.601608826626033988e+00 -5.050012133906420786e+00 -5.476550786673517024e+00 -5.786977415797688096e+00 -5.966475891764275730e+00
1.836712582172689290e-01 -1.911613215743273031e+00 6.441896029173221905e-01 1.682438681018538496e-01 -1.717960048942283047e-01 -3.747079949049900160e-01
1.885653895574195549e-01 -1.739605426282651024e+00 1.129779965795023600e+00 8.373948923690476276e-01 6.613687405479139469e-01 6.148985217247778801e-01
1.935899306405381159e-01 -7.145217788602167275e+00 -3.689962302760250168e+00 -3.596742285323367483e+00 -3.482388995034852552e+00 -3.317330684590463985e+00
1.987483563838010059e-01 -2.046922936840928742e+01 -1.813341176401081611e+01 -1.875276654107437579e+01 -1.916662135253621457e+01 -1.943517063918989152e+01
2.040442342975398171e-01 -3.240473753976402804e+01 -2.973490424110423191e+01 -3.007876392597002280e+01 -3.028084516784777236e+01 -3.037630552406578133e+01
2.094812269524893578e-01 -4.252143978078493092e+01 -3.950891704696914530e+01 -3.954288986140453943e+01 -3.950036437219144148e+01 -3.938727198508180294e+01
2.150630945127835203e-01 -5.075750919396341487e+01 -4.873938117405486992e+01 -4.933643372258907789e+01 -4.970171764628805988e+01 -4.991004276355184999e+01
2.207936973364424404e-01 -5.027210036209908139e+01 -4.781428481624971027e+01 -4.803838105673396797e+01 -4.813108196305013564e+01 -4.813983997797671321e+01
2.266769986451521446e-01 -4.549521390716108726e+01 -4.311080098668753635e+01 -4.331598227926102140e+01 -4.338862874164381367e+01 -4.337335332510216546e+01
2.327170672651874272e-01 -3.843825113075581612e+01 -3.659999347924895119e+01 -3.712236130292391323e+01 -3.742822670402043883e+01 -3.760238367175528396e+01
2.389180804413659487e-01 -2.878392854021512903e+01 -2.636192977324753883e+01 -2.646952709042427898e+01 -2.645579781795579777e+01 -2.637034534335058922e+01
2.452843267259834925e-01 -2.382367181290646840e+01 -2.191144357824668987e+01 -2.234547022058298182e+01 -2.257321462306814652e+01 -2.268215115638061619e+01
2.518202089447322822e-01 -2.172459688342314621e+01 -1.959690313221472024e+01 -1.987401690870077076e+01 -1.998649247354478220e+01 -2.000823478610254824e+01
2.585302472416432518e-01 -2.451034589188566315e+01 -2.241653522996784886e+01 -2.269048008226187818e+01 -2.280492101286654005e+01 -2.283574747348514578e+01
2.654190822051707976e-01 -3.048037294677669706e+01 -2.866760047978459625e+01 -2.907035696858656237e+01 -2.927673064144376269e+01 -2.937577529527091613e+01
2.724914780775714029e-01 -3.536970482237848046e+01 -3.334947717782597465e+01 -3.353372490853264765e+01 -3.357794816856766573e+01 -3.355569605108272668e+01
2.797523260497993269e-01 -3.890601691362462589e+01 -3.734745326347365335e+01 -3.776539533326285181e+01 -3.800000670299292693e+01 -3.814806513360235840e+01
2.872066476442034499e-01 -3.730841318777947890e+01 -3.551275230144710804e+01 -3.568700660174120287e+01 -3.573395202604539378e+01 -3.572886858863057569e+01
2.948595981873550764e-01 -3.396042716493866465e+01 -3.256455781255681359e+01 -3.294967154454449343e+01 -3.316105758021875971e+01 -3.329857611788126093e+01
3.027164703754134933e-01 -2.844074212016039382e+01 -2.680361401895424933e+01 -2.698448506097822985e+01 -2.703423609611490619e+01 -2.702216823786147870e+01
3.107826979344992524e-01 -2.538011241376352700e+01 -2.403328464828518918e+01 -2.437572312563133536e+01 -2.454500526277115213e+01 -2.463202238689215662e+01
3.190638593785977695e-01 -2.403078147525320674e+01 -2.248335940653305443e+01 -2.266516964245965582e+01 -2.271923787792426452e+01 -2.271779140014162479e+01
3.275656818675961590e-01 -2.593402777837582107e+01 -2.463617477067600703e+01 -2.494151233888259966e+01 -2.508636765163828031e+01 -2.515453954221447930e+01
3.362940451681279974e-01 -2.785281944435155310e+01 -2.648354389801170328e+01 -2.668927756674140994e+01 -2.677148006043959327e+01 -2.680617658414606197e+01
3.452549857199504468e-01 -2.897868335172006482e+01 -2.776346293928327214e+01 -2.800901895124600571e+01 -2.812089276359377266e+01 -2.817456340605470544e+01
3.544547008106831432e-01 -2.791412839769236598e+01 -2.678593869530686788e+01 -2.702800711252469057e+01 -2.713806404817053419e+01 -2.719366726949617075e+01
3.638995528617826603e-01 -2.519007225399036543e+01 -2.402641953561214905e+01 -2.420011917292261217e+01 -2.425989123269876302e+01 -2.427067419174515450e+01
3.735960738287207872e-01 -2.297796266609566374e+01 -2.197974172319845820e+01 -2.222814422522181133e+01 -2.234336721113019308e+01 -2.239893783294246532e+01
3.835509697184166789e-01 -2.159432044834829867e+01 -2.053377884541077947e+01 -2.071475301694590243e+01 -2.078777647046687349e+01 -2.081813789913818979e+01
3.937711252270357232e-01 -2.175682241994763899e+01 -2.074621781649966579e+01 -2.092155429432143876e+01 -2.099020779274117388e+01 -2.101895069546299055e+01
4.042636085013666669e-01 -2.237752807325705362e+01 -2.149178639847377781e+01 -2.170713916703486035e+01 -2.180600550141510041e+01 -2.185367632473935373e+01
4.150356760270794698e-01 -2.196673206923833277e+01 -2.105864299673157802e+01 -2.121001433776351774e+01 -2.125989216666008730e+01 -2.126867488302135101e+01
4.260947776472248649e-01 -2.072791763030636503e+01 -1.986507718625489360e+01 -2.001078776793292135e+01 -2.006273854808265611e+01 -2.007682834754814394e+01
4.374485617144683869e-01 -1.933572292058443054e+01 -1.857184483014862053e+01 -1.875016181243457325e+01 -1.882724162197822082e+01 -1.886256095511392417e+01
4.491048803806049761e-01 -1.830253590993152102e+01 -1.755740657853493758e+01 -1.772062696790574776e+01 -1.778926628586001613e+01 -1.781898304300557356e+01
4.610717950270178944e-01 -1.785632185167060015e+01 -1.709908655606795946e+01 -1.722312057307135191e+01 -1.726406644744201557e+01 -1.727378442171902861e+01
4.733575818398458313e-01 -1.764056308789577088e+01 -1.692646981563939335e+01 -1.704538580126608949e+01 -1.708308721157663612e+01 -1.708786898593825754e+01
4.859707375336997370e-01 -1.709982566628241329e+01 -1.645661595418005163e+01 -1.659015430446439865e+01 -1.664159570895814255e+01 -1.666017616176395677e+01
4.989199852278944913e-01 -1.618775785505476961e+01 -1.559355251039960422e+01 -1.573059271617845667e+01 -1.578601531934206292e+01 -1.580904143062556066e+01
5.122142804792663151e-01 -1.531101979428285631e+01 -1.473618770658958965e+01 -1.486202349402143597e+01 -1.491294187049788711e+01 -1.493586390773998573e+01
5.258628174757354889e-01 -1.472596288046815971e+01 -1.416264872841111355e+01 -1.427140157265663589e+01 -1.430973341120382436e+01 -1.431950678769499063e+01
5.398750353949022251e-01 -1.427392981845059694e+01 -1.373011832641168439e+01 -1.382779159373967381e+01 -1.386188077605462610e+01 -1.387199006488178021e+01
5.542606249320838341e-01 -1.370016943352538874e+01 -1.318452156293460575e+01 -1.327573133588884779e+01 -1.330520894659760600e+01 -1.331021765932867673e+01
5.690295350022851473e-01 -1.301745691898076984e+01 -1.252694729822678710e+01 -1.261038267194938456e+01 -1.263432371224856254e+01 -1.263519260049603510e+01
5.841919796207659665e-01 -1.241328993471142894e+01 -1.195089997999957632e+01 -1.203418484432101110e+01 -1.206093230674317240e+01 -1.206422281410535469e+01
5.997584449669374207e-01 -1.192925201000434754e+01 -1.148978518039029950e+01 -1.156626305944882738e+01 -1.158903237189406177e+01 -1.159203858775435947e+01
6.157396966364854229e-01 -1.145040600010815979e+01 -1.103817013757634413e+01 -1.111448012426080645e+01 -1.114025200779602898e+01 -1.114772448040215203e+01
6.321467870867436556e-01 -1.091584580922585701e+01 -1.052382328110525123e+01 -1.059436631283763930e+01 -1.061752262073241404e+01 -1.062365174522225608e+01
6.489910632804485324e-01 -1.040063002043211782e+01 -1.002939941111435473e+01 -1.009570216651809282e+01 -1.011647755198888632e+01 -1.012117133789433865e+01
6.662841745331699039e-01 -9.968421378663379073e+00 -9.636748073012313398e+00 -9.718320724941802879e+00 -9.758867842853456764e+00 -9.791326228036874468e+00
6.840380805698564881e-01 -9.523838474126478104e+00 -9.204467057815008957e+00 -9.273239824296977574e+00 -9.300159180411354143e+00 -9.314184395446014619e+00
7.022650597960414798e-01 -9.086130199596027524e+00 -8.777493547421499898e+00 -8.832968576405921368e+00 -8.845413486659101210e+00 -8.839237040008205426e+00
7.209777177894597378e-01 -8.660034717603366516e+00 -8.367051125725311067e+00 -8.418524929688826930e+00 -8.429401198568482911e+00 -8.422368918494612444e+00
7.401889960179232064e-01 -8.249321009303685059e+00 -7.974355998221653863e+00 -8.026537792076547717e+00 -8.042060016558327362e+00 -8.043317329119114234e+00
7.599121807894932967e-01 -7.856432593206363890e+00 -7.599555241401958483e+00 -7.653217656616106090e+00 -7.673927879078896730e+00 -7.684014961416930412e+00
7.801609124411524876e-01 -7.482146386756767242e+00 -7.241671911233424908e+00 -7.294816271190331491e+00 -7.317365833229509953e+00 -7.330991324524802621e+00
8.009491947723073046e-01 -7.124105514166103603e+00 -6.897985343950949755e+00 -6.948635861460084939e+00 -6.970024341027661663e+00 -6.982637406661524437e+00
8.222914047296571161e-01 -6.780238141545282815e+00 -6.566697354345478743e+00 -6.613743625456056208e+00 -6.632453400403997890e+00 -6.641906156327119781e+00
8.442023023501417089e-01 -6.448835849770944151e+00 -6.246344666826644243e+00 -6.289384685912105866e+00 -6.305101105417633356e+00 -6.311187608758094036e+00
8.666970409688088406e-01 -6.129152186353508114e+00 -5.936518005710240686e+00 -5.975681198080261325e+00 -5.988887343319219347e+00 -5.992618833600620754e+00
8.897911776987027510e-01 -5.822244907035383221e+00 -5.638876514099138149e+00 -5.674592186095043900e+00 -5.685931671802487486e+00 -5.688345521257967441e+00
9.135006841899890873e-01 -5.529140153263369939e+00 -5.354977028282519314e+00 -5.387881031593526160e+00 -5.398029600974040498e+00 -5.400001968066741931e+00
9.378419576757658360e-01 -5.250543557337437051e+00 -5.085937089671688227e+00 -5.116816057591221600e+00 -5.126461165142851328e+00 -5.128723231293406570e+00
9.628318323122191380e-01 -4.986252955015970656e+00 -4.831580349953128461e+00 -4.861140449150600951e+00 -4.870812334400700827e+00 -4.873822216877063518e+00
9.884875908209347362e-01 -4.734674394291005228e+00 -4.589767096708783356e+00 -4.618288653797056220e+00 -4.628101735950166606e+00 -4.631834351189657362e+00
1.014826976441433048e+00 -4.494293903741777285e+00 -4.358488448337993759e+00 -4.385873099301988098e+00 -4.395581968765326586e+00 -4.399605039863672573e+00
1.041868205202206799e+00 -4.263851728874783475e+00 -4.136112266086229283e+00 -4.161975182421428165e+00 -4.171067132463121219e+00 -4.174651795467070770e+00
1.069629978518722213e+00 -4.042876737423455324e+00 -3.922201749342661969e+00 -3.946191282822534063e+00 -3.954230963809852728e+00 -3.956796847924124449e+00
1.098131496127103812e+00 -3.831702954521176707e+00 -3.717495550549188010e+00 -3.739569098664408120e+00 -3.746480805930331837e+00 -3.747946307965927648e+00
1.127392469362475502e+00 -3.630572865221779466e+00 -3.522581993095172948e+00 -3.542956012671159005e+00 -3.548962636621126432e+00 -3.549656880230637856e+00
1.157433134791084894e+00 -3.439578149628061965e+00 -3.337808274195026570e+00 -3.356883131217879068e+00 -3.362416747286260499e+00 -3.362952475819232401e+00
1.188274268205704587e+00 -3.258278392602278473e+00 -3.162693783125405389e+00 -3.180808654562951698e+00 -3.186219887785076033e+00 -3.187076351659925422e+00
1.219937198993934491e+00 -3.085893661277623323e+00 -2.996256140890523056e+00 -3.013564910916859851e+00 -3.018986155899861856e+00 -3.020323136569762479e+00
1.252443824889365231e+00 -2.921730181132886628e+00 -2.837640460742818505e+00 -2.854146878442709756e+00 -2.859534572903612126e+00 -2.861255184744246893e+00
1.285816627115820676e+00 -2.765209624346596229e+00 -2.686166604050015394e+00 -2.701773788207143312e+00 -2.706967834871344181e+00 -2.708807451974280411e+00
1.320078685935119900e+00 -2.616117616197470852e+00 -2.541692908368418102e+00 -2.556336806864767830e+00 -2.561211113336790746e+00 -2.562955772133742816e+00
1.355253696609122649e+00 -2.474373059656613805e+00 -2.404262884593890703e+00 -2.417950607643509109e+00 -2.422453602080925528e+00 -2.423995108194503700e+00
1.391365985787128334e+00 -2.339852417788961247e+00 -2.273853924244519931e+00 -2.286648774277181939e+00 -2.290788485393401519e+00 -2.292103688473920098e+00
1.428440528329899095e+00 -2.212356714812386826e+00 -2.150329025992903098e+00 -2.162327668987699791e+00 -2.166151962755217486e+00 -2.167277785477684571e+00
1.466502964582014679e+00 -2.091456872889523311e+00 -2.033226760770219244e+00 -2.044507216716055620e+00 -2.048065059077922800e+00 -2.049057659535719722e+00
1.505579618104445627e+00 -1.976701812889700705e+00 -1.922051311308905497e+00 -1.932664972579989815e+00 -1.935998036774435382e+00 -1.936921151461016732e+00
1.545697513879627838e+00 -1.867686218637061302e+00 -1.816364530398004717e+00 -1.826341287051794104e+00 -1.829484601850405179e+00 -1.830406131080356547e+00
1.586884397001659730e+00 -1.764087931265976295e+00 -1.715833814058953521e+00 -1.725185362877633910e+00 -1.728153641604800672e+00 -1.729109351908543202e+00
1.629168751864494835e+00 -1.665724157933397009e+00 -1.620304430754231362e+00 -1.629032832972825195e+00 -1.631804513657849842e+00 -1.632750453567193061e+00
1.672579821861425176e+00 -1.572424342730158742e+00 -1.529635515769882659e+00 -1.537737039201753309e+00 -1.540261534966778534e+00 -1.541087851760191141e+00
1.717147629609507176e+00 -1.484011992397284985e+00 -1.443676944936100881e+00 -1.451145057323893983e+00 -1.453352530049300873e+00 -1.453904293014905535e+00
1.762902997712864073e+00 -1.400303827196012207e+00 -1.362280710847869614e+00 -1.369132714371137816e+00 -1.370987765337379649e+00 -1.371166590672752816e+00
1.809877570079248876e+00 -1.321099188595127316e+00 -1.285284202470933224e+00 -1.291579702123612838e+00 -1.293121222758296884e+00 -1.292961895085378954e+00
1.858103833804643834e+00 -1.246198159339826361e+00 -1.212517854236381254e+00 -1.218349374360248705e+00 -1.219675379320505959e+00 -1.219319481016100326e+00
1.907615141640952583e+00 -1.175400857831192525e+00 -1.143802218620351141e+00 -1.149282139829400196e+00 -1.150528267647245917e+00 -1.150186566441031344e+00
1.958445735062417370e+00 -1.108472705251486445e+00 -1.078883219596207255e+00 -1.084093242667639290e+00 -1.085353555440822904e+00 -1.085170821392087648e+00
2.010630767946635977e+00 -1.045170490034976751e+00 -1.017481420899031264e+00 -1.022451407491189235e+00 -1.023745073820047313e+00 -1.023743270180148102e+00
2.064206330886583896e+00 -9.852708344623550829e-01 -9.593460179340240757e-01 -9.640647598466025592e-01 -9.653518402192653447e-01 -9.654561193034775224e-01
2.119209476150493376e+00 -9.285746377117476413e-01 -9.042636208029364298e-01 -9.086952934429365358e-01 -9.099016885981350278e-01 -9.099823271270300884e-01
2.175678243306779169e+00 -8.749323689632149126e-01 -8.521059405931907804e-01 -8.562349888284377375e-01 -8.573220095831856069e-01 -8.573126541862924332e-01
2.233651685531777620e+00 -8.242118042273460787e-01 -8.027696165828501762e-01 -8.066101454487768496e-01 -8.075882767995303801e-01 -8.075085191762809700e-01
2.293169896618515224e+00 -7.762826605267747482e-01 -7.561479052663599987e-01 -7.597368894550980967e-01 -7.606545367922497025e-01 -7.605901228312177409e-01
2.354274038705104655e+00 -7.310133977101429537e-01 -7.121230864358807366e-01 -7.155064239221549105e-01 -7.164257465037355832e-01 -7.164851619190812926e-01
2.417006370742052379e+00 -6.882644917916991290e-01 -6.705507937211763192e-01 -6.737552318305497501e-01 -6.747029821238469394e-01 -6.749289002626331913e-01
2.481410277718070656e+00 -6.479009036635829943e-01 -6.312897541507567212e-01 -6.343219123272091364e-01 -6.352883025426572239e-01 -6.356560517701836943e-01
2.547530300664644809e+00 -6.097947582265561550e-01 -5.942081590174552730e-01 -5.970591642852695058e-01 -5.980065097195581547e-01 -5.984400783193754014e-01
2.615412167460142712e+00 -5.738304116453463166e-01 -5.591939422757974398e-01 -5.618509810850013109e-01 -5.627342913788878631e-01 -5.631448073980512836e-01
2.685102824454702386e+00 -5.399066812989872233e-01 -5.261595806577901158e-01 -5.286207736450402317e-01 -5.294138844459438387e-01 -5.297482664642151340e-01
2.756650468937790865e+00 -5.079257767598832629e-01 -4.950195449199412678e-01 -4.972930418510182471e-01 -4.979873680383661294e-01 -4.982258384350946590e-01
2.830104582470949648e+00 -4.777919317485057604e-01 -4.656877785731694530e-01 -4.677893345154870430e-01 -4.683900407707141667e-01 -4.685387810191059543e-01
2.905515965108680820e+00 -4.493997891780310283e-01 -4.380607467840746949e-01 -4.400088663385303689e-01 -4.405292852449822494e-01 -4.406079645643785625e-01
2.982936770531189108e+00 -4.226363736038862839e-01 -4.120206106333768048e-01 -4.138323759051824036e-01 -4.142892671275906213e-01 -4.143208700524307342e-01
3.062420542113327926e+00 -3.973971397498132774e-01 -3.874591216659695192e-01 -3.891500634258685531e-01 -3.895623639522700632e-01 -3.895716324980942891e-01
3.144022249954564252e+00 -3.735870748887393233e-01 -3.642791756480789900e-01 -3.658630920697210076e-01 -3.662502981253604739e-01 -3.662618353210594369e-01
3.227798328895731927e+00 -3.511309152761299401e-01 -3.424076231950934357e-01 -3.438938276747193767e-01 -3.442674655602691036e-01 -3.442945572173812252e-01
3.313806717548727576e+00 -3.299648259682719242e-01 -3.217849225192637164e-01 -3.231774487882432267e-01 -3.235378216037549937e-01 -3.235781940726004113e-01
3.402106898366196841e+00 -3.100265192866302755e-01 -3.023526496251704998e-01 -3.036514292214083643e-01 -3.039901348494803424e-01 -3.040294816513172127e-01
3.492759938778979389e+00 -2.912547405437848624e-01 -2.840532674181517336e-01 -2.852562113820055756e-01 -2.855602725709142087e-01 -2.855781178173326107e-01
3.585828533429651799e+00 -2.735868981703326597e-01 -2.668290094025493886e-01 -2.679386694068833785e-01 -2.682029235546678492e-01 -2.681904497822339972e-01
3.681377047531432023e+00 -2.569619459708150089e-01 -2.506233843894278834e-01 -2.516480457834783246e-01 -2.518774048282542144e-01 -2.518406581041669479e-01
3.779471561382494738e+00 -2.413218252915783069e-01 -2.353820642740345193e-01 -2.363342989422534124e-01 -2.365413368658171589e-01 -2.364976732379394375e-01
3.880179916066325063e+00 -2.266104341358499141e-01 -2.210507597828836879e-01 -2.219441050198629750e-01 -2.221436932502740269e-01 -2.221138153314541341e-01
3.983571760369909232e+00 -2.127714189063389938e-01 -2.075706492507123357e-01 -2.084123635407782449e-01 -2.086101888343231403e-01 -2.086011147905158791e-01
4.089718598952048367e+00 -1.997514109112330516e-01 -1.948858540204057022e-01 -1.956768904728060088e-01 -1.958693401007375323e-01 -1.958742693174144733e-01
4.198693841795167359e+00 -1.875006682971935845e-01 -1.829450063233828416e-01 -1.836815281827123281e-01 -1.838579887111298494e-01 -1.838597338809980497e-01
4.310572854974896728e+00 -1.759744086666792384e-01 -1.717043407381524389e-01 -1.723821871535827777e-01 -1.725319646484753666e-01 -1.725132921989522006e-01
4.425433012782391096e+00 -1.651334662634162953e-01 -1.611293321596996009e-01 -1.617500944397912699e-01 -1.618718291472020787e-01 -1.618294910820168298e-01
4.543353751235519766e+00 -1.549407150092019236e-01 -1.511870398641868007e-01 -1.517573591667560895e-01 -1.518578802203999489e-01 -1.518008984763999647e-01
4.664416623015978480e+00 -1.453605973299509913e-01 -1.418452023990823818e-01 -1.423753422495839804e-01 -1.424673936896425352e-01 -1.424136618136155052e-01
4.788705353870206238e+00 -1.363580030542799193e-01 -1.330692701142233147e-01 -1.335683072599399002e-01 -1.336627930399932329e-01 -1.336273860792592527e-01
4.916305900513163962e+00 -1.278983817079737406e-01 -1.248229737283779173e-01 -1.252948481891517363e-01 -1.253944892153195101e-01 -1.253801290814446079e-01
5.047306510075103780e+00 -1.199492151028547227e-01 -1.170725026172192429e-01 -1.175169433858158502e-01 -1.176177938281833951e-01 -1.176171624426842754e-01
5.181797781132245539e+00 -1.124800215441101869e-01 -1.097867067156155230e-01 -1.102005134698676447e-01 -1.102940657112109341e-01 -1.102930259342732172e-01
5.319872726363811033e+00 -1.054627217502801528e-01 -1.029388302435485514e-01 -1.033197730705973927e-01 -1.033994946902438844e-01 -1.033872541618734431e-01
5.461626836878548552e+00 -9.887117489137509097e-02 -9.650497708284966336e-02 -9.685363705695947123e-02 -9.691802485075838580e-02 -9.689184755690878614e-02
5.607158148255289021e+00 -9.268065512110901238e-02 -9.046230593922288676e-02 -9.078146312324025802e-02 -9.083296845663112185e-02 -9.079644883839439740e-02
5.756567308343337075e+00 -8.686784346744413909e-02 -8.478895071403869110e-02 -8.508276956707304384e-02 -8.512634732307824970e-02 -8.508706205753924223e-02
5.909957646869383296e+00 -8.141107880951903297e-02 -7.946384194329247919e-02 -7.973592615362196101e-02 -7.977549131428672557e-02 -7.973919791505561239e-02
6.067435246899168355e+00 -7.628994130024491227e-02 -7.446686648758138460e-02 -7.471975342112338603e-02 -7.475728600332112728e-02 -7.472648395037140290e-02
6.229109018203436321e+00 -7.148502695805358798e-02 -6.977893073721652684e-02 -7.001429846794118839e-02 -7.005025358598258867e-02 -7.002488675083402836e-02
6.395090772578646110e+00 -6.697763841050363709e-02 -6.538162021552551550e-02 -6.560058024304518676e-02 -6.563449401331429567e-02 -6.561298778958264688e-02
6.565495301174848919e+00 -6.274905137618524975e-02 -6.125635630413128752e-02 -6.145992700143190768e-02 -6.149147088674310896e-02 -6.147255116269434438e-02
6.740440453883954852e+00 -5.878154035129590227e-02 -5.738555994319938236e-02 -5.757474409836167012e-02 -5.760386883007839048e-02 -5.758680946199016409e-02
6.920047220843375868e+00 -5.505860074539903337e-02 -5.375291628396894339e-02 -5.392869242715647021e-02 -5.395556353921193010e-02 -5.394006927654496769e-02
7.104439816111542960e+00 -5.156512607285890226e-02 -5.034360109664071103e-02 -5.050685968038000351e-02 -5.053164123222467219e-02 -5.051744421514096223e-02
7.293745763572944796e+00 -4.828756485841800838e-02 -4.714449195372782953e-02 -4.729595254102510193e-02 -4.731850946894766013e-02 -4.730480229506876105e-02
7.488095985132199317e+00 -4.521318990685418981e-02 -4.414327961925312849e-02 -4.428351623116573432e-02 -4.430345929666992810e-02 -4.428898081811401960e-02
7.687624891258288962e+00 -4.232996861258220278e-02 -4.132831599425124125e-02 -4.145778869036811920e-02 -4.147455455618379028e-02 -4.145775059595280254e-02
7.892470473941251008e+00 -3.962655590125319094e-02 -3.868858115403828180e-02 -3.880767776648141182e-02 -3.882080002737708230e-02 -3.880053797332531224e-02
8.102774402126012632e+00 -3.709221860416223038e-02 -3.621360418666785819e-02 -3.632266901760179689e-02 -3.633199821308015498e-02 -3.630815472579721620e-02
8.318682119689031040e+00 -3.471681226999923098e-02 -3.389349193405610805e-02 -3.399283700760590693e-02 -3.399848428870199529e-02 -3.397174613683754535e-02
8.540342946025617721e+00 -3.249075253133115737e-02 -3.171892202531889637e-02 -3.180886118842706639e-02 -3.181114868404221613e-02 -3.178278159179607348e-02
8.767910179317693675e+00 -3.040490251809080391e-02 -2.968122494922731391e-02 -2.976238137326761915e-02 -2.976193479702496716e-02 -2.973333269531982029e-02
9.001541202553060117e+00 -2.845059039611630425e-02 -2.777226606399452180e-02 -2.784569334133438559e-02 -2.784345766934314889e-02 -2.781590036198622329e-02
9.241397592369690273e+00 -2.661966895357137375e-02 -2.598433940133482167e-02 -2.605140399992933106e-02 -2.604854817144304502e-02 -2.602319383019846555e-02
9.487645230800451301e+00 -2.490448027768987771e-02 -2.431008067455442401e-02 -2.437226725211220218e-02 -2.437000621196893854e-02 -2.434781015046875649e-02
9.740454419995240087e+00 -2.329784226441145023e-02 -2.274216250731875277e-02 -2.280043737444318458e-02 -2.279938106648652513e-02 -2.278060464026054888e-02
1.000000000000001243e+01 -2.179303124215992149e-02 -2.127362866141346842e-02 -2.132832346976402255e-02 -2.132837018403795082e-02 -2.131253675487225149e-02
